version: 1
creator: callgrind-3.9.0
pid: 13436
cmd:  ./um midmark.um
part: 1


desc: I1 cache: 
desc: D1 cache: 
desc: LL cache: 

desc: Timerange: Basic block 0 - 598337553
desc: Trigger: Program termination

positions: line
events: Ir
summary: 3762422645


ob=(5) /lib64/libm-2.12.so
fl=(50) ???
fn=(578) 0x0000003a1bc03e90
0 10
cob=(3) /lib64/libc-2.12.so
cfi=(93) /usr/src/debug/glibc-2.12-2-gc4ccff1/stdlib/cxa_finalize.c
cfn=(560) __cxa_finalize
calls=1 31 
0 62
cob=(1) /lib64/ld-2.12.so
cfi=(52) /usr/src/debug////////glibc-2.12-2-gc4ccff1/elf/../sysdeps/x86_64/dl-trampoline.S
cfn=(260) _dl_runtime_resolve
calls=1 30 
0 1406
0 5
0 13

fn=(238) 0x0000003a1bc03f10
0 6

fn=(232) 0x0000003a1bc03e70
0 6

fn=(244) 0x0000003a1bc43f80
0 11

ob=(3)
fl=(43) /usr/src/debug/glibc-2.12-2-gc4ccff1/elf/../sysdeps/unix/sysv/linux/dl-vdso.c
fn=(210) _dl_vdso_vsym
27 2
+1 4
+4 4
+14 2
+4 4

fl=(56) /usr/src/debug////////glibc-2.12-2-gc4ccff1/setjmp/../sysdeps/x86_64/bsd-_setjmp.S
fn=(298) _setjmp
34 1
+2 1
cfi=(57) /usr/src/debug////////glibc-2.12-2-gc4ccff1/setjmp/../sysdeps/x86_64/setjmp.S
cfn=(300) __sigsetjmp
calls=1 -10 
* 27

fl=(64) /usr/src/debug/glibc-2.12-2-gc4ccff1/misc/../sysdeps/unix/sysv/linux/getpagesize.c
fn=(322) getpagesize
35 5
+16 1

fl=(74) /usr/src/debug/glibc-2.12-2-gc4ccff1/string/../string/strstr.c
fn=(354) __GI_strstr
53 9
+10 3
+2 2
fi=(75) /usr/src/debug/glibc-2.12-2-gc4ccff1/string/../string/str-two-way.h
273 1
fe=(74)
89 9
-26 3

fl=(91) /usr/src/debug/glibc-2.12-2-gc4ccff1/stdlib/exit.c
fn=(524) exit
99 5
-57 3
+36 3
-32 1
+32 1
-32 1
+32 3
-32 1
+32 1
-32 1
+3 2
+1 5
+33 1
+1 1
-1 1
+1 1
+7 6
cfi=(70) /usr/src/debug/glibc-2.12-2-gc4ccff1/libio/genops.c
cfn=(598) _IO_cleanup
calls=1 1007 
* 256
* 3
+2 2
cfi=(95) /usr/src/debug/glibc-2.12-2-gc4ccff1/posix/../sysdeps/unix/sysv/linux/_exit.c
cfn=(608) _Exit
calls=1 -64 
* 5
-19 1
+4 1
-4 2
+4 1
-2 2
+2 1
cob=(1)
cfi=(92) /usr/src/debug/glibc-2.12-2-gc4ccff1/elf/dl-fini.c
cfn=(526) _dl_fini
calls=1 +55 
* 3417
* 1

fl=(57)
fn=(300)
26 1
+2 1
+1 2
+1 1
+4 1
+1 1
+1 1
+1 1
+1 1
+2 2
+2 1
+1 1
+2 2
+2 1
+9 1
cfi=(58) /usr/src/debug/glibc-2.12-2-gc4ccff1/setjmp/sigjmp.c
cfn=(302) __sigjmp_save
calls=1 -26 
* 9

fl=(80) /usr/src/debug////////glibc-2.12-2-gc4ccff1/misc/../sysdeps/unix/syscall-template.S
fn=(494) munmap
82 16
+1 4

fn=(384) mmap
82 25
+1 5

fn=(390) lseek
82 4
cfn=(392) __lseek_nocancel
calls=2 * 
* 10

fn=(392)
82 10

fl=(71) /usr/src/debug/glibc-2.12-2-gc4ccff1/libio/fileops.c
fn=(488) _IO_file_write@@GLIBC_2.2.5
1261 7
+2 7
-2 42
+2 7
-2 7
+2 14
+11 7
-11 14
+2 14
+3 28
cfi=(73) /usr/src/debug////////glibc-2.12-2-gc4ccff1/io/../sysdeps/unix/syscall-template.S
cfn=(490) write
calls=7 82 
* 49
+1 14
+9 21
+3 42
-6 21

fn=(482) _IO_file_overflow@@GLIBC_2.2.5
829 905
+1 181
-1 181
+1 362
+7 1082
+35 362
+3 362
+3 181
+1 181
-1 362
+1 724
+5 181
+1 905
-45 2
+12 3
+9 2
+4 1
+4 1
-1 1
-5 1
+1 1
+4 1
-3 1
+1 1
+3 1
-3 2
+3 3
+1 3
+9 21
+3 7
-1 21
cfn=(486) _IO_do_write@@GLIBC_2.2.5
calls=7 493 
* 637
* 14
-39 2
cfi=(70)
cfn=(376) _IO_doallocbuf
calls=1 419 
* 101
+1 6

fn=(394) _IO_file_read
1200 4
+1 8
+2 4
+1 4
-1 4
cfi=(73)
cfn=(396) read
calls=4 82 
* 28

fn=(486)
493 42
+1 7
-1 14
+1 14
+2 42
+11 21
+7 28
+8 35
cfn=(488)
calls=7 1261 
* 294
+1 7
-1 7
+1 14
+5 7
-2 7
+2 7
-2 21
+1 14
+1 7
-34 7
+34 7
-34 7
+29 14
+5 14

fn=(514) _IO_file_finish@@GLIBC_2.2.5
205 1
+1 1
-1 1
+1 1
+6 2
+1 1
-1 1
cfi=(70)
cfn=(516) _IO_default_finish
calls=1 687 
* 24

fn=(380) _IO_file_stat
1225 3
+2 9
cfi=(79) /usr/src/debug/glibc-2.12-2-gc4ccff1/io/../sysdeps/unix/sysv/linux/wordsize-64/fxstat.c
cfn=(382) _fxstat
calls=3 37 
* 30

fn=(388) _IO_file_seek
1214 4
cfi=(80)
cfn=(390)
calls=2 82 
* 14

fn=(342) _IO_file_init@@GLIBC_2.2.5
147 3
+5 1
-1 1
-4 1
+4 1
+3 1
cfi=(70)
cfn=(344) _IO_link_in
calls=1 -50 
* 77
+1 1
+1 4

fn=(504) _IO_file_close_it@@GLIBC_2.2.5
162 1
+2 1
-2 2
+2 1
-2 1
+2 1
+3 5
+6 2
cfi=(70)
cfn=(506) _IO_unsave_markers
calls=1 1118 
* 5
+2 3
cfn=(508) _IO_file_close
calls=1 1252 
* 7
* 1
+4 3
+9 5
cfi=(70)
cfn=(386) _IO_setb
calls=1 404 
* 34
+1 2
+3 1
-3 1
+1 3
+2 1
cfi=(70)
cfn=(502) _IO_un_link
calls=1 64 
* 10
+5 1
-4 1
+1 1
+1 1
+2 1
+1 5

fn=(508)
1252 2
cfi=(73)
cfn=(510) __close_nocancel
calls=1 82 
* 5

fn=(346) _IO_file_fopen@@GLIBC_2.2.5
257 9
+11 2
415 7
270 3
+25 1
-10 1
+10 1
-10 1
+10 16
-25 4
+65 1
227 2
+4 3
cfi=(73)
cfn=(350) open
calls=1 82 
* 7
* 1
+4 2
+3 1
-1 1
+1 2
+1 2
-1 1
+1 1
+7 2
cfi=(70)
cfn=(344)
calls=1 104 
* 11
+97 3
cfi=(74)
cfn=(354)
calls=1 53 
* 27
* 1
+1 3
fi=(72) /usr/src/debug/glibc-2.12-2-gc4ccff1/libio/../iconv/gconv_charset.h
39 1
fe=(71)
288 2
+13 2

fn=(374) _IO_file_seekoff@@GLIBC_2.2.5
957 24
+6 6
-6 6
+6 9
+3 10
+11 4
-11 5
+11 11
+4 6
+13 10
+45 2
+4 8
+1 1
-1 2
+3 1
+1 2
+1 2
+66 1
+3 21
-90 4
cfn=(380)
calls=1 1225 
* 14
* 2
+29 1
+4 4
+4 4
+1 2
-1 4
+2 2
-2 2
+1 2
+1 4
+5 8
cfn=(388)
calls=2 1214 
* 18
+1 2
-1 2
+1 2
+2 4
+4 8
cfn=(394)
calls=1 1200 
* 13
+3 3
-83 3
+1 3
+15 2
+15 2
+10 5
-12 4
+2 2
-65 1
-1 5
+21 3
+5 2
cfi=(70)
cfn=(376)
calls=1 419 
* 90
+1 4
+1 4
+93 2
+5 1
+3 1
+1 1
-1 1
+1 1
-4 5
+2 3
+3 1
-5 1
+3 1
+1 1
-1 1
+1 1
-4 5
+2 3
+3 1

fn=(602) _IO_file_setbuf@@GLIBC_2.2.5
445 2
+1 1
cfi=(70)
cfn=(604) _IO_default_setbuf
calls=1 562 
* 63
* 2
+4 1
-1 3
+2 3
+3 3

fn=(606) _IO_file_sync@@GLIBC_2.2.5
891 1
+5 1
-5 1
+5 3
+2 1
+1 2
+17 2
+4 2

fn=(436) _IO_file_underflow@@GLIBC_2.2.5
537 12
+8 9
+6 9
+3 6
+13 6
+20 6
cfi=(70)
cfn=(438) _IO_switch_to_get_mode
calls=3 188 
* 60
+6 3
+5 12
-5 6
+1 3
+1 9
+3 3
cfn=(394)
calls=3 1200 
* 39
+2 6
+10 2
-3 2
+3 4
+1 4
+1 4
+1 8
-11 1
+1 1
+10 1
-6 1
+6 3

fl=(60) /usr/src/debug/glibc-2.12-2-gc4ccff1/libio/../libio/iofopen.c
fn=(312) __fopen_internal
68 7
+8 1
-8 1
+8 1
cfi=(61) /usr/src/debug/glibc-2.12-2-gc4ccff1/malloc/malloc.c
cfn=(316) malloc
calls=1 3619 
* 60965
* 1
+2 1
-2 1
+2 1
+3 1
+3 5
-3 1
+3 1
cfi=(70)
cfn=(338) _IO_no_init
calls=1 648 
* 57
+4 1
+1 1
-1 1
+1 1
cfi=(71)
cfn=(342)
calls=1 +58 
* 90
+4 5
cfi=(71)
cfn=(346)
calls=1 257 
* 121
* 2
+2 1
+5 5
-5 1
cfn=(358) __fopen_maybe_mmap
calls=1 -50 
* 4

fn=(358)
45 1
-2 1
+2 1
+15 1

fn=(310) fopen@@GLIBC_2.2.5
107 2
cfn=(312)
calls=1 -39 
* 61277

fl=(76) /usr/src/debug/glibc-2.12-2-gc4ccff1/libio/fseek.c
fn=(370) fseek
37 1
+3 1
-3 2
+3 14
+1 4
cfi=(77) /usr/src/debug/glibc-2.12-2-gc4ccff1/libio/ioseekoff.c
cfn=(372) _IO_seekoff_unlocked
calls=1 +4 
* 263
* 3
fi=(81) /usr/src/debug/glibc-2.12-2-gc4ccff1/libio/libioP.h
968 2
+1 11
fe=(76)
44 3

fl=(82) /usr/src/debug/glibc-2.12-2-gc4ccff1/libio/ioftell.c
fn=(406) ftell
37 1
+3 1
-3 1
+3 14
+1 5
cfi=(77)
cfn=(372)
calls=1 +4 
* 63
* 1
+1 5
fi=(81)
968 2
+1 6
fe=(82)
48 2
+16 3
fi=(81)
969 6
fe=(82)

fl=(95)
fn=(608)
29 2
+4 1
+2 2

fl=(63) /usr/src/debug/glibc-2.12-2-gc4ccff1/malloc/arena.c
fn=(320) ptmalloc_init
467 6
+8 3
631 7
476 1
-66 1
+2 1
+1 1
+1 1
+1 1
cfi=(64)
cfn=(322)
calls=1 35 
* 6
519 1
415 1
+96 1
-93 1
+1 1
+91 1
+1 1
+8 1
+8 2
+1 1
-3 1
+3 1
-1 1
+1 10
cfi=(66) /usr/src/debug/glibc-2.12-2-gc4ccff1/nptl/../nptl/sysdeps/unix/sysv/linux/register-atfork.c
cfn=(326) __linkin_atfork
calls=1 117 
* 9
+11 2
+2 5
+16 2
382 112
+16 56
-18 171
622 2
+5 2
+1 2
+2 2
521 5
cfi=(65) /usr/src/debug/glibc-2.12-2-gc4ccff1/elf/dl-addr.c
cfn=(324) _dl_addr
calls=1 127 
* 59448
-2 2
+2 1
-2 2
382 14

fl=(55) /usr/src/debug/glibc-2.12-2-gc4ccff1/stdlib/cxa_atexit.c
fn=(270) __new_exitfn
73 1
+6 1
-6 1
+6 5
+2 5
+2 3
-2 1
+10 1
-10 3
+45 1
+1 1
+3 4
+3 3
-35 2
+14 1
+1 2

fn=(268) __cxa_atexit
57 2
-22 1
+22 5
-22 1
cfn=(270)
calls=1 +38 
* 35
+2 3
+4 2
+3 1
-1 1
+2 1
+2 2
+12 6

fl=(48) /usr/src/debug/glibc-2.12-2-gc4ccff1/string/../sysdeps/x86_64/cacheinfo.c
fn=(222) handle_intel
307 4
+9 2
-9 16
+8 2
+1 4
+8 4
+5 2
-5 4
+5 2
+7 10
cfn=(224) intel_check_word
calls=2 163 
* 1564
+1 4
+3 10
cfn=(224)
calls=2 163 
* 194
+1 4
-10 2
+1 2
-1 4
+27 16

fn=(224)
163 44
+1 8
+8 4
-2 32
+14 20
+53 16
+36 40
-1 8
+1 8
cfi=(49) /usr/src/debug/glibc-2.12-2-gc4ccff1/stdlib/bsearch.c
cfn=(226) bsearch
calls=8 27 
* 1350
+2 16
+22 8
172 16
+2 10
+2 20
-4 2
302 32
196 10
+5 15
-5 2
+11 10
+23 3
-34 15
+5 6
+4 8
+2 10
+8 2
+2 4
+2 28
-12 3
-6 1
-5 1
+9 2
+2 4

fn=(220) init_cacheinfo
538 4
+13 3
+7 2
747 5
560 3
cfn=(222)
calls=1 307 
* 900
+4 2
-4 1
+4 1
cfn=(222)
calls=1 307 
* 950
+2 1
-2 1
+2 2
+29 1
-18 1
+18 3
+7 6
+6 2
-6 12
+6 6
+3 20
+2 1
+6 6
+7 1
-7 1
+38 2
+75 2
+3 2
+1 1
+1 1
-1 2
+4 2
+3 2
+1 1
+1 1
-1 3
-86 7
-1 3
-31 8
+2 2
+2 8
+2 4
+5 1
+2 2
+1 1
-1 1
+1 4
+1 1

fn=(228) intel_02_known_compare
152 216
+3 108
+1 54

fl=(86) /usr/src/debug/glibc-2.12-2-gc4ccff1/libio/getc.c
fn=(430) getc
37 150551
+3 150551
-3 150551
+3 2107714
+1 903297
fi=(81)
968 301102
+1 1656061
fe=(86)
44 451653
-3 6
cfi=(70)
cfn=(432) __uflow
calls=3 368 
* 329
* 6

fl=(39) /usr/src/debug/glibc-2.12-2-gc4ccff1/csu/../sysdeps/x86_64/multiarch/init-arch.c
fn=(164) __init_cpu_features
53 1
-8 1
+8 1
+3 1
-3 1
+3 3
+70 1
+1 1
+2 1
+1 2
-74 2
+9 1
-33 3
+6 1
-6 1
+6 1
-6 1
+7 1
+30 1
-30 1
-7 1
+37 1
-31 1
+27 2
-26 1
+30 1
+1 1
-38 1
+32 1
+6 1
+5 2
+3 1
+1 2
+11 2
+12 4
-23 9

fl=(61)
fn=(466) _int_free
4802 50847984
+15 5649776
-15 5649776
+15 11299552
+6 33898656
+17 11299552
+13 11299552
+11 5649743
+1 5649743
-1 11299486
+1 5649743
-1 11299486
+29 16949229
+3 16949229
+1 11299486
+1 5649743
+4 5649743
-4 5649743
+10 39548201
+9 22598972
+2 5649743
+2 33898458
+2 11299486
5117 45197944
4952 66
+2 132
+19 99
+6 33
-10 33
+10 33
+8 99
+7 66
-1 33
+1 66
+7 99
+4 66
+1 3
+2 3
-1 3
+2 30
+3 66
+5 66
+12 33
+1 33
+1 66
+7 33
-2 33
+1 33
+1 33
+2 7
+1 7
+2 7
+3 7
-2 7
+2 7
+1 7
-1 7
+31 14
-34 26
+3 26
-2 26
+2 26
+1 26
-1 26
+31 52
+1 2
+3 3
4963 264
+58 66
+62 5
+15 99
+2 132
+17 264
4981 33
-2 33
+2 66
-2 66

fn=(316)
3619 28248895
+5 11299558
+1 11299558
+3 11299556
+33 45198224
+3 16949334
cfn=(328) _int_malloc
calls=5649778 4280 
* 328354917
+1 5649778
-1 5649778
+1 5649778
+21 22599112
+4 33898668
-64 1
+64 4
-64 1
cfi=(62) /usr/src/debug/glibc-2.12-2-gc4ccff1/malloc/hooks.c
cfn=(318) malloc_hook_ini
calls=1 36 
* 60950

fn=(317) malloc'2
3619 5
+5 2
+1 2
+3 2
+33 8
+3 3
cfn=(328)
calls=1 4280 
* 1018
+1 1
-1 1
+1 1
+21 4
+4 6

fn=(330) malloc_consolidate
5138 112
+22 28
+1 39
+2 13
+17 13
+2 26
+3 26
+4 26
-4 234
+4 334
+25 298
-1 298
+1 2682
+4 16852
+4 16852
-3 16852
+1 16852
+2 16852
+1 2260
+1 2260
+3 2260
+1 2260
+1 2260
-2 2260
+3 2260
-3 2260
+12 2260
-3 2260
+3 2260
-12 14592
+1 14592
+1 14592
-2 14592
+3 14592
-3 14592
+12 14592
-3 14592
+3 14592
-41 16852
-3 16852
+3 33704
+1 16852
+1 33704
+2 33704
+1 3311
+2 3311
-1 3311
+2 39854
+3 33704
+3 33704
+4 33108
+26 494
2481 3
+5 3
+5 1
+2 1
-2 1
+2 1
5248 112
2482 1
5134 2
2482 3
-2 2
+2 378
-2 253
+10 3

fn=(464) free
3702 11299558
+1 11299558
+5 11299558
+6 5649779
-3 5649779
+3 11299558
+15 16949328
+2 11299552
cfn=(466)
calls=5649776 4802 
* 389835597
-14 19
+4 4
+1 2
-1 2
+1 4
-5 2
3535 3
+1 1
+6 6
-7 6
+1 2
+6 12
+10 3
-3 3
+1 3
+2 3
cfi=(80)
cfn=(494)
calls=3 82 
* 15

fn=(328)
4280 50848011
+30 45198232
+8 11299558
+1 16949229
+1 5649743
+2 5649743
+4 11299486
-6 5586620
+9 11173240
-9 5586620
+9 16759860
+1 5586620
-1 5586620
+1 11173240
+5 27933100
4715 5601233
-1 5601233
+1 11202466
+75 50848011
4363 126318
+1 63149
+1 63149
-1 63149
+1 63149
-1 63149
+1 126298
+2 189447
+1 17594
+3 8796
+1 17592
+6 8796
+1 8796
+2 8796
-4 8796
+4 17592
+23 76
+1 30
+1 8
cfn=(330)
calls=2 5138 
* 339
* 4
4764 2
-2 2
+2 4
-2 2
+2 6
-2 2
+2 20
4448 2
4764 10
4425 2
4764 6
4433 2
4764 2
4448 2
4764 4
4425 2
4764 54361
-2 54361
+2 108722
-2 54361
+2 163083
-2 54361
+2 543610
4448 54361
4764 271805
4425 54361
4764 163083
4433 54361
4764 54361
4448 54361
4764 108722
4425 54361
4764 22
4425 11
+69 13706
+1 13706
+1 68530
-1 13706
+1 13706
-1 13706
+1 27412
+45 13706
+4 13706
-3 13706
-1 13706
+7 13706
-5 13706
+1 13706
+1 13706
+3 13706
-7 19
+4 19
-3 19
-1 19
+7 19
-5 19
+1 19
+1 19
+3 19
4425 204297
+3 21211
-2 21211
+1 84844
+8 21211
+10 84836
+35 14616
-5 14616
+1 14616
+4 14616
+13 27450
+6 126
+1 5
+1 5
+3 10
-5 40
+1 5
+1 5
+3 10
-5 161
+1 6
+1 6
+3 12
-5 21
+1 3
+1 3
+3 6
+34 76
-91 7975
-2 31852
+6 6595
+1 13190
+4 6595
-3 13190
+1 6595
+1 13190
+1 6595
+2 6228
+1 6228
+3 6228
+3 6228
-3 6228
+6 6228
-6 31140
+2 6228
-2 6228
+7 6228
-5 12456
+5 18684
-7 367
+3 367
-3 367
+6 367
-6 1835
+2 367
-2 367
+7 367
-5 734
+5 1101
+30 21
+58 140664
+71 46888
+4 46888
-4 46888
+2 46888
-1 46888
+3 46888
-2 46888
+2 46888
-1 46888
-2 46888
+3 46888
-1 46888
-2 93776
+8 231260
+2 503613
+2 503636
+2 136
+5 34
-5 68
+5 66
+1 32
+1 32
-2 64
+1 2000
+1 2000
-2 14640
+7 5354
+3 10708
+1 428
+1 428
+1 428
-2 1284
+60 428
+18 41962
+1 41962
-1 41962
+1 41962
+2 83924
+18 54
+1 55
cfn=(330)
calls=11 5138 
* 546797
+5 11
-3 44
+3 11
-3 11
4482 891
-1 891
+1 1782
+76 40
+3 30
4749 41935
+1 167804
4404 6
4665 4926
+8 9852
-8 4926
+5 9852
+3 39579
+3 9852
+13 1356
+1 2712
-6 1356
+17 1356
-6 1356
+1 1356
+2 1356
-1 1356
+4 1356
+1 1356
+1 2712
+2 18
+1 18
+2 18
+3 18
-3 108
+2 36
-2 18
+2 36
-2 1338
+3 1338
-3 8028
+2 2676
-2 1338
+2 2676
4404 46
-78 11173240
4678 3570
-1 3570
+1 10710
4404 6
-35 4
cfn=(330)
calls=1 5138 
* 670
* 3
+35 16
2992 32
+13 16
-13 16
+13 25
+14 15
+7 6
+83 39
3422 39
+1 13
+8 52
+4 26
-2 13
+2 26
-1 13
+1 26
+1 13
-1 13
+1 13
+2 13
-3 26
+1 13
4785 48
-41 83870
-2 41935
+2 83870
-1 41935
+1 83870
+2 41935
-2 41935
+2 41935
-2 83870
+2 83870
3076 26
+95 13
+19 13
-19 13
+8 13
-8 52
+19 65
+8 13
-8 13
+8 13
+1 65
cfi=(67) /usr/src/debug/glibc-2.12-2-gc4ccff1/malloc/morecore.c
cfn=(332) __default_morecore
calls=13 48 
* 613
+2 13
-2 13
+2 39
+2 26
+1 26
4786 26
3249 26
+1 1
+1 2
3086 1
3257 1
-6 1
+6 1
-6 24
3086 12
3257 12
-6 12
+6 36
+1 60
-32 2
+34 7
+42 5
+19 1
+7 2
-4 1
+4 1
-4 1
+1 4
+3 2
cfi=(67)
cfn=(332)
calls=1 48 
* 27
+12 4
+5 2
+1 2
4786 1
3365 1
-1 1
+1 3
+1 1
+11 2
-84 2
3028 24
cfi=(80)
cfn=(384)
calls=3 82 
* 18
+2 9
+27 9
+5 15
+1 3
+2 3
+1 3
-1 3
+1 3
+1 3
+9 6

fl=(38) /usr/src/debug////////glibc-2.12-2-gc4ccff1/string/../sysdeps/x86_64/multiarch/strcmp.S
fn=(166) strncasecmp
124 1
+1 1
+3 1
+1 1
+1 1
+5 1

fn=(162) strcasecmp
106 1
+1 1
+1 1
cfi=(39)
cfn=(164)
calls=1 -55 
* 57
+2 1
+1 1
+1 1
+5 1

fl=(87) /usr/src/debug/glibc-2.12-2-gc4ccff1/libio/ioungetc.c
fn=(446) ungetc
37 30110
-3 90330
+3 60220
+2 451650
+1 90330
cfi=(70)
cfn=(448) _IO_sputbackc
calls=30110 727 
* 451650
fi=(81)
968 30110
fe=(87)
40 30110
fi=(81)
968 30110
+1 331210
fe=(87)
43 90330

fl=(90) /usr/src/debug/glibc-2.12-2-gc4ccff1/libio/iofclose.c
fn=(500) fclose@@GLIBC_2.2.5
43 3
+14 1
-14 1
+14 2
+3 16
+1 2
fi=(81)
968 2
+1 6
fe=(90)
66 4
cfi=(71)
cfn=(514)
calls=1 205 
* 32
+1 3
+18 6
+2 1
+1 2
cfi=(61)
cfn=(464)
calls=1 3702 
* 114
* 1
+4 5
-10 2
-20 2
cfi=(71)
cfn=(504)
calls=1 162 
* 100
* 3
-4 1
cfi=(70)
cfn=(502)
calls=1 +6 
* 80
* 2
fi=(81)
969 6
fe=(90)

fl=(47) /usr/src/debug/glibc-2.12-2-gc4ccff1/elf/soinit.c
fn=(218) __libc_global_ctors
19 1
+7 1
-7 5
+1 1
cfi=(48)
cfn=(220)
calls=1 538 
* 1996
-1 3
+10 2

fn=(596) __libc_fini
19 1
+17 1
-17 2
+20 2

fl=(73)
fn=(396)
82 8
cfn=(398) __read_nocancel
calls=4 * 
* 20

fn=(492) __write_nocancel
82 35

fn=(352) __open_nocancel
82 5

fn=(510)
82 5

fn=(398)
82 20

fn=(490)
82 14
cfn=(492)
calls=7 * 
* 35

fn=(350)
82 2
cfn=(352)
calls=1 * 
* 5

fl=(77)
fn=(372)
45 9
+1 6
+9 14
+16 9
+1 6
-1 3
cfi=(71)
cfn=(374)
calls=3 957 
* 396

fl=(46) /usr/src/debug////////glibc-2.12-2-gc4ccff1/string/../sysdeps/x86_64/strrchr.S
fn=(216) __GI_strrchr
26 1
+1 1
+1 1
+1 1
+1 1
+1 1
+1 1
+1 1
+1 1
+1 1
+1 1
+1 1
+1 1
+1 1
+1 1
+1 1
+1 1
+1 1
+1 1
+1 1
+1 1
+1 1
+1 1
+13 1
+1 1
+1 1
+1 1
+7 1
+1 1
+1 1
+1 1
+1 1
+1 1
+1 1

fl=(69) /usr/src/debug/glibc-2.12-2-gc4ccff1/misc/../sysdeps/unix/sysv/linux/x86_64/brk.c
fn=(336) brk
29 14
+3 84
+2 42
+7 28

fl=(70)
fn=(506)
1118 2
+19 2
+1 1

fn=(598)
1007 1
+3 1
-3 4
+3 1
cfn=(600) _IO_flush_all_lockp
calls=1 823 
* 77
-59 1
+59 1
-59 2
+11 2
-9 12
+1 2
-1 7
+9 13
+7 5
+10 5
cfi=(71)
cfn=(602)
calls=1 445 
* 78
+2 2
+6 3
-36 9
+71 7
-51 1
+4 1
-4 1
+2 1
+2 1
-2 1
+3 1
-2 1
+2 3
+6 12

fn=(448)
727 30110
+4 30110
-4 30110
+3 60220
+1 60220
-1 60220
+10 30110
+3 60220
-10 30110
+1 60220

fn=(480) __overflow
246 543
+1 1
+1 3
cfi=(71)
cfn=(482)
calls=1 829 
* 162
* 540
cfi=(71)
cfn=(482)
calls=180 829 
* 6640

fn=(344)
104 8
+1 6
+4 1
-2 2
+2 5
+1 11
+1 1
+1 15
+4 1
+2 1
-4 1
+1 1
-1 1
+4 7
+2 1
-1 1
+1 9
+1 2
+3 8
-6 6

fn=(376)
419 2
+1 2
-1 2
+1 2
+6 4
-4 4
+1 6
cfi=(78) /usr/src/debug/glibc-2.12-2-gc4ccff1/libio/filedoalloc.c
cfn=(378) _IO_file_doallocate
calls=2 88 
* 165
* 4

fn=(600)
823 2
+6 1
-6 6
+6 2
+6 1
-1 1
+2 2
-2 1
+2 3
+33 2
+4 9
-37 8
+6 2
-4 2
+4 5
-4 1
+4 2
+14 3
-2 3
+2 3
+7 6
-21 12

fn=(338)
648 9
+1 1
cfn=(340) _IO_old_init
calls=1 -13 
* 24
+3 1
-2 1
+2 1
+2 1
+1 1
+1 1
+1 1
+1 1
+1 1
+1 1
+1 1
+1 1
+1 1
+1 1
+1 1
+2 1
+3 1
+1 6

fn=(340)
636 1
-21 1
+1 1
-1 1
+2 1
+1 1
+1 1
+17 1
-16 1
+1 1
+1 1
+1 1
+1 1
+1 1
+2 1
+1 1
+1 1
+1 1
+1 1
+5 1
+1 4

fn=(438)
188 6
-1 6
+1 3
+3 9
+5 3
-1 6
+1 3
+7 3
-4 3
+2 9
+2 3
+2 6

fn=(502)
64 12
+1 6
+4 6
+1 11
+1 1
+1 15
+2 3
+2 2
+14 1
+2 8
+2 1
-1 1
+1 9
+1 2
+3 12
-6 6
-14 1
+2 1
-2 2

fn=(604)
562 5
+1 1
-1 2
+1 1
cfi=(71)
cfn=(606)
calls=1 891 
* 13
* 2
+2 2
+2 1
+1 5
cfn=(386)
calls=1 404 
* 19
+7 3
+1 3
+2 6

fn=(432)
368 3
+2 3
-2 3
+2 7
+6 9
+3 12
+2 9
+6 6
+5 6
+2 6
+1 3
-1 6
cfn=(434) _IO_default_uflow
calls=3 +46 
* 252
-24 4

fn=(434)
440 3
-1 6
+1 3
cfi=(71)
cfn=(436)
calls=3 +97 
* 220
+1 6
+2 8
+1 6

fn=(516)
687 2
+2 3
+6 3
+3 3
+6 1
+6 1
-6 1
cfn=(502)
calls=1 64 
* 10

fn=(386)
404 16
+1 4
-1 4
+1 12
+4 4
-2 4
+1 4
+1 4
+3 2
+1 8
-3 2
+3 8
-7 7
cfi=(80)
cfn=(494)
calls=1 82 
* 5
* 3

fl=(79)
fn=(382)
37 3
-1 3
+1 3
+1 18
+4 3

fl=(65)
fn=(324)
127 9
+5 1
-5 2
+5 2
cob=(1)
cfi=(2) /usr/src/debug/glibc-2.12-2-gc4ccff1/elf/rtld.c
cfn=(42) rtld_lock_default_lock_recursive
calls=1 836 
* 2
+3 5
+1 4
+1 16
31 2
+1 2
+3 3
+5 1
+6 1
-6 1
+1 3
+2 3
+3 1
+5 3
+74 1
-74 1
+74 4
-72 1
+19 1
-18 2
-1 1010
+19 1010
-18 2020
+2 3600
+14 1257
+2 3771
-10 2514
+1 1257
-1 4314
+1 900
-1 1800
+2 4314
-2 4314
+3 6462
-3 5538
+3 615
-3 1278
+3 16
-3 32
+3 599
-3 3355
+10 5325
-21 4042
+85 9
-36 2
+1 2
+1 2
+3 2
+41 2
cob=(1)
cfi=(2)
cfn=(44) rtld_lock_default_unlock_recursive
calls=1 842 
* 2
+3 9
-32 1
+1 3

fl=(94) /usr/src/debug/glibc-2.12-2-gc4ccff1/nptl/../nptl/sysdeps/unix/sysv/linux/unregister-atfork.c
fn=(562) __unregister_atfork
37 2
-8 6
+11 4
+1 8
+5 2
-6 4
+82 4

fl=(54) /usr/src/debug/glibc-2.12-2-gc4ccff1/csu/libc-start.c
fn=(266) (below main)
96 7
+10 1
-10 3
+10 3
+52 1
-52 1
+52 1
+1 4
cfi=(55)
cfn=(268)
calls=1 57 
* 60
+22 4
+3 2
+1 5
cob=(6) /h/sbrone01/Desktop/comp40/umOp/um
cfi=(51) ???
cfn=(272) __libc_csu_init
calls=1 0 
* 64
+4 4
+15 2
+9 2
cfi=(56)
cfn=(298)
calls=1 34 
* 29
+1 2
+5 2
+1 2
+3 2
+3 5
cob=(6)
cfi=(59) /h/sbrone01/Desktop/comp40/umOp/um.c
cfn=(304) main
calls=1 +91 
* 3762257383
+32 2
cfi=(91)
cfn=(524)
calls=1 99 
* 3729
106 2

fl=(49)
fn=(226)
27 104
+7 162
+2 54
+2 54
-2 54
+1 216
+1 108
cfi=(48)
cfn=(228)
calls=54 152 
* 378
+1 108
+2 8
+1 8
-8 24
+14 72

fl=(58)
fn=(302)
30 1
-1 2
+1 2
+5 1
-5 1
+5 2

fl=(78)
fn=(378)
88 8
+15 12
cfi=(71)
cfn=(380)
calls=2 1225 
* 28
* 4
+2 8
+11 3
+1 6
+3 12
cfi=(80)
cfn=(384)
calls=2 -38 
* 12
* 6
+1 8
cfi=(70)
cfn=(386)
calls=2 404 
* 34
* 2
+2 8
-13 1
fi=(96) /usr/src/debug/glibc-2.12-2-gc4ccff1/libio/../sysdeps/unix/sysv/linux/sys/sysmacros.h
-65 6
fe=(78)
+65 1
-2 2
+8 1
-3 1
+3 2

fl=(93)
fn=(560)
31 4
+18 2
-18 2
+18 2
-18 10
+4 8
+4 12
-4 6
+32 8
+4 12
-4 6
+12 4
+3 2
-2 2
+2 12
-2 2
cfi=(94)
cfn=(562)
calls=2 -43 
* 30

fl=(83) /usr/src/debug/glibc-2.12-2-gc4ccff1/libio/rewind.c
fn=(414) rewind
34 1
+2 1
-2 1
+2 14
+1 5
cfi=(77)
cfn=(372)
calls=1 +8 
* 117
+1 2
fi=(81)
968 1
fe=(83)
38 1
fi=(81)
968 1
+1 11
fe=(83)
40 2

fl=(62)
fn=(318)
36 1
-1 2
+1 1
+1 1
cfi=(63)
cfn=(320)
calls=1 467 
* 59889
+1 1
+1 1
-1 1
cfi=(61)
cfn=(317)
calls=1 3619 
* 1053

fl=(66)
fn=(326)
117 1
+2 4
-1 3
+2 1

fl=(89) /usr/src/debug/glibc-2.12-2-gc4ccff1/libio/putchar.c
fn=(478) putchar
29 181
-2 362
+2 3077
+1 543
fi=(81)
968 362
+1 1991
fe=(89)
33 543
-3 543
cfi=(70)
cfn=(480)
calls=181 246 
* 7889
* 362

fl=(42) /usr/src/debug/glibc-2.12-2-gc4ccff1/csu/../sysdeps/unix/sysv/linux/init-first.c
fn=(208) _init
52 6
+6 1
-6 2
+6 2
+17 1
fi=(44) /usr/src/debug/glibc-2.12-2-gc4ccff1/csu/../sysdeps/unix/sysv/linux/x86_64/init-first.c
-40 2
fe=(42)
+38 1
+1 1
fi=(44)
-41 2
fe=(42)
+42 1
fi=(44)
-42 3
+2 1
cfi=(43)
cfn=(210)
calls=1 -8 
* 8
+8 1
-5 2
+5 1
-5 1
+2 2
+1 1
+2 1
cfi=(43)
cfn=(210)
calls=1 -16 
* 8
fe=(42)
+46 3
fi=(44)
-45 2
+1 1
fe=(42)
+44 1
cfi=(45) /usr/src/debug/glibc-2.12-2-gc4ccff1/misc/init-misc.c
cfn=(214) __init_misc
calls=1 -58 
* 58
+8 1
cfi=(47)
cfn=(218)
calls=1 -78 
* 2009
+2 6
-32 1
-9 1
+9 4

fl=(45)
fn=(214)
31 3
+1 1
-1 1
+1 4
+2 3
cfi=(46)
cfn=(216)
calls=1 -8 
* 34
+1 2
+3 3
+1 3
+2 4

fl=(68) /usr/src/debug/glibc-2.12-2-gc4ccff1/misc/sbrk.c
fn=(334) sbrk
35 70
+8 95
+4 28
+4 52
+3 13
cfi=(69)
cfn=(336)
calls=13 -25 
* 156
-3 26
+7 84
-14 2
cfi=(69)
cfn=(336)
calls=1 -15 
* 12
* 4

fl=(67)
fn=(332)
48 14
+1 14
cfi=(68)
cfn=(334)
calls=14 -14 
* 542
+1 42
+3 28

ob=(1)
fl=(28) /usr/src/debug////////glibc-2.12-2-gc4ccff1/string/../sysdeps/x86_64/memset.S
fn=(102) memset
44 12
+1 12
+1 12
+4 12
+1 12
+1 12
+1 12
+2 12
+1 12
+2 11
+5 11
+1 11
+1 11
+1 11
+1 11
329 1
+1 1
+1 1
+1 1
+1 1
+1 1
+1 1
+1 1
+1 1
+1 1
+1 1
+1 1
-8 1
+1 1
+1 1
+1 1
+1 1
+1 1
+1 1
+1 1
+1 1
-2 1
+1 1
+1 1
-1 2
+1 2
+67 1
+1 1
+1 1
+1 1
+1 1
+1 1
+1 1
+1 1
+1 1
+1 1
+1 1
-3 2
+1 2
+1 2
+1 2
-2 2
+1 2
+1 2
-1 2
+1 2
+87 1
+1 1
+1 1
+1 1
+1 1
+1 1
+1 1
+5 1
+1 1
+1 1
+1 1
+1 1
+36 1
+1 1
+37 1
1214 1
+1 2
+4 1
+1 1
+1 2
+5 1
+2 1
+1 1
+1 1
+1 1
+1 1
+1 1
+1 1
+1 1
+1 1
+1 1
+1 1
+1 1
+1 1
+1 1
+1 1
+1 1
+2 1
+2 1
-21 3
+2 3
+1 3
+1 3
+1 3
+1 3
+1 3
+1 3
+1 3
+1 3
+1 3
+1 3
+1 3
+1 3
+1 3
+1 3
+1 3
+2 3
+2 3
+3 1
+1 1
+6 1
+1 1
+1 1
+1 1
+1 1

fl=(53) /usr/src/debug/glibc-2.12-2-gc4ccff1/elf/../elf/dl-runtime.c
fn=(262) _dl_fixup
73 13
+6 26
-6 13
+6 13
-6 39
+6 13
+1 13
-4 13
+5 13
-2 13
-3 13
+4 13
+1 13
-1 52
+10 26
+4 39
+5 72
+1 36
+8 52
+7 26
+3 130
cfi=(4) /usr/src/debug/glibc-2.12-2-gc4ccff1/elf/dl-lookup.c
cfn=(154) _dl_lookup_symbol_x
calls=13 724 
* 16630
* 13
+4 39
+4 52
+6 91
+8 13
+7 52
+4 39
fi=(7) /usr/src/debug/glibc-2.12-2-gc4ccff1/elf/../sysdeps/x86_64/dl-machine.h
+85 13
fe=(53)
-81 78
-55 2

fl=(11) /usr/src/debug/glibc-2.12-2-gc4ccff1/elf/dl-object.c
fn=(24) _dl_new_object
62 36
+2 4
-2 16
+2 4
cfi=(8) /usr/src/debug////////glibc-2.12-2-gc4ccff1/string/../sysdeps/x86_64/rtld-strlen.S
cfn=(14) strlen
calls=4 -35 
* 215
+6 4
-6 4
+7 8
+6 16
cfi=(13) /usr/src/debug/glibc-2.12-2-gc4ccff1/elf/dl-minimal.c
cfn=(28) calloc
calls=4 +34 
* 187
* 4
+3 4
-3 4
+3 8
+4 4
+5 4
-6 4
+4 4
+2 4
-5 4
+3 4
+2 8
cfi=(14) /usr/src/debug////////glibc-2.12-2-gc4ccff1/string/../sysdeps/x86_64/memcpy.S
cfn=(38) memcpy
calls=4 -33 
* 124
+2 4
-2 4
+5 4
-1 4
-2 4
+3 16
+3 4
-3 4
+3 4
+9 4
-7 4
+4 4
+3 4
-46 5
+48 2
-2 2
+2 30
-2 30
+18 8
-6 4
+6 4
-5 4
+5 4
-6 4
+6 16
+2 12
+3 9
+4 9
+4 18
+8 1
+6 1
-3 2
+3 5
-3 6
+3 6
+2 6
cfi=(8)
cfn=(14)
calls=3 29 
* 162
* 3
+4 3
-4 3
+4 3
+64 3
+7 36
70 8
+1 32
+66 4
-39 8
223 6
-86 1
-4 1
+4 2
+24 6
cfi=(13)
cfn=(32) malloc
calls=3 -66 
* 87
* 3
+1 3
-1 3
+1 9
+45 9
cfi=(14)
cfn=(58) mempcpy
calls=3 56 
* 111
* 3
+6 100
-1 50
+1 53
-1 3
+1 3
+2 6
+3 6

fn=(40) _dl_add_to_namespace_list
33 16
+2 4
-2 4
+2 4
cfi=(2)
cfn=(42)
calls=4 836 
* 8
+2 27
+3 36
+2 3
+2 3
+4 3
+4 3
-4 6
+1 6
+3 3
-2 3
+3 9
-1 3
cfi=(2)
cfn=(44)
calls=3 842 
* 6
-4 1
+4 1
-4 2
+1 2
+3 1
-2 1
+3 3
-1 1
cfi=(2)
cfn=(44)
calls=1 842 
* 2
-5 2

fl=(10) /usr/src/debug/glibc-2.12-2-gc4ccff1/elf/dl-environ.c
fn=(22) _dl_next_ld_env_entry
31 3
+3 11
+2 112
+11 54
-13 163
+17 1
-15 18
+6 2
-3 2
+3 2
+2 2

fl=(25) /usr/src/debug////////glibc-2.12-2-gc4ccff1/io/../sysdeps/unix/syscall-template.S
fn=(106) close
82 16
+1 4

fn=(90) open
82 56
+1 14
+1 60

fn=(108) access
82 4
+1 1
+1 6

fn=(92) read
82 12
+1 3

fl=(40) /usr/src/debug/glibc-2.12-2-gc4ccff1/elf/dl-init.c
fn=(182) _dl_init
93 11
+5 1
-4 1
+1 1
+3 2
+7 2
+27 2
+1 12
+1 5
-1 5
+1 10
-97 15
+9 4
-3 8
+3 12
+5 9
+5 4
+8 4
+6 12
cob=(2) ???
cfi=(12) ???
cfn=(230) 0x0000003a1bc03d90
calls=1 -70 
* 29
cob=(3)
cfi=(42)
cfn=(208)
calls=1 -18 
* 2135
+4 2
+1 4
+65 8
-89 2
-5 4
-9 3
+9 1
-3 2
+3 3
+5 3
+5 2
+8 2
+6 7
cob=(2)
cfi=(12)
cfn=(184) 0x00000000048014d0
calls=1 -70 
* 40
* 1
+4 1
+1 2
+26 2

fl=(6) /usr/src/debug/glibc-2.12-2-gc4ccff1/elf/../sysdeps/unix/sysv/linux/x86_64/brk.c
fn=(10) brk
29 1
+3 4
+2 2
-2 1
+2 1
+7 2

fl=(4)
fn=(156) do_lookup_x
83 1089
+1 121
-6 121
+5 363
-5 1089
+12 121
231 121
+3 121
+39 121
-42 121
+3 121
99 121
-3 121
+1 121
+2 121
+3 121
-3 121
+3 121
-3 349
-3 349
+1 349
+2 349
+3 349
-3 349
+3 349
+4 956
+4 936
+4 936
+7 1404
+4 468
+1 468
227 468
125 936
+1 936
227 468
+1 936
+4 237
+3 237
-3 474
+3 711
+1 237
+3 474
-1 474
+1 237
-1 474
+21 133
+24 710
470 1065
+1 309
-1 861
+4 1079
+4 968
288 844
+4 271
+13 113
+1 113
-1 113
+1 339
+1 113
471 330
cfi=(24) /usr/src/debug/glibc-2.12-2-gc4ccff1/elf/dl-misc.c
cfn=(84) _dl_name_match_p
calls=66 301 
* 2980
-1 330
263 924
+6 2310
+4 5888
cfn=(160) check_match.12439
calls=736 133 
* 24753
+1 3680
-3 3635
-2 2804
-27 690
+1 230
+2 784
+10 277
-7 995
+2 208
+1 104
-1 104
+1 416
-1 312
+1 416
cfn=(160)
calls=104 133 
* 16383
+1 1108
fi=(37) /usr/src/debug/glibc-2.12-2-gc4ccff1/elf/../sysdeps/generic/dl-hash.h
30 121
+2 484
+3 121
-1 121
+1 363
+2 363
+1 484
+2 363
+1 484
+2 363
+1 484
+2 452
+1 2973
+3 3512
+1 1756
+13 878
+1 2634
-18 113
fe=(4)
264 242

fn=(154)
724 363
485 121
724 726
485 121
724 605
485 605
+1 242
-1 121
+1 363
-1 363
+1 2708
-1 1354
+1 4062
-1 4304
730 121
+9 121
-13 242
+1 242
+12 484
+6 1089
+8 16
-8 40
+2 1815
cfn=(156)
calls=121 83 
* 112269
+3 242
-5 121
+33 242
+23 339
+1 226
-1 452
+39 226
-3 226
+14 339
+3 339
1023 113
859 113
+1 113
+1 968
-81 56
+17 16
+1 8
+54 2

fn=(6) _dl_setup_hash
873 15
+5 3
+3 6
+2 3
-1 3
+4 3
+4 6
-4 3
+1 6
+2 3
+1 3
+2 3
+2 9
-7 3
+7 6
+1 3
+3 6
+2 2
+2 2
+1 2
+1 2
+2 2
-4 2
+4 4

fn=(160)
133 5040
+1 1680
+2 1680
+2 1233
-2 822
+12 1233
+3 822
+5 113
-1 113
+1 113
-1 113
+1 113
+2 212
+19 212
+1 530
+1 106
-1 212
+1 318
cfi=(15) /usr/src/debug////////glibc-2.12-2-gc4ccff1/string/../sysdeps/x86_64/strcmp.S
cfn=(46) strcmp
calls=106 -44 
* 9144
-1 212
+46 5880
-73 1650
cfi=(15)
cfn=(46)
calls=330 -16 
* 5363
* 990
+64 596
-9 14
+2 14
+1 14
-1 56
-72 1680
+79 858

fl=(26) /usr/src/debug/glibc-2.12-2-gc4ccff1/io/../sysdeps/unix/sysv/linux/wordsize-64/fxstat.c
fn=(96) _fxstat
37 4
-1 4
+1 4
+1 24
+4 4

fl=(14)
fn=(58)
56 32
+4 32
+3 32
+1 32
+2 14
+1 14
+2 14
+1 14
+5 14
+1 14
-1 18
+1 18
+2 20
+1 20
+2 20
+1 20
+5 20
+1 20
-1 12
+1 12
+2 11
+1 11
+2 11
+1 11
+5 11
+1 11
-1 21
+1 21
+2 18
+1 18
+2 18
+1 36
+5 18
+1 18
-1 14
+1 17
+5 3
+1 3
+1 3
+1 3
+2 3
+2 3
+1 3
+2 3
+6 32
+4 32
+12 1
+2 1
+1 1
+26 1
+1 1
+3 1
+1 1
+1 1
+5 1
+2 1
+1 1
+1 1
+1 1
+2 1
+1 1
+1 1
+1 1
+2 1
+1 1
+2 1
+2 1
+2 1
+1 1
+1 1
+1 1
+2 1
+1 1
+1 1
+1 1
+2 1
+1 1
+2 2
+5 1
+2 1

fn=(38)
56 18
+2 18
+2 18
+3 18
+1 18
+2 5
+1 5
+2 5
+1 5
+5 5
+1 5
-1 13
+1 13
+2 5
+1 5
+2 5
+1 10
+5 5
+1 5
-1 13
+1 13
+2 1
+1 1
+2 1
+1 1
+5 1
+1 1
-1 17
+1 17
+2 8
+1 8
+2 8
+1 8
+5 8
+1 8
-1 10
+1 17
+5 7
+1 7
+1 7
+1 7
+2 7
+2 7
+1 7
+2 7
+8 18
+8 4
+6 4
+2 4
+1 4
+3 1
+1 2
+5 1
+1 1
+2 1
+2 1
+1 1
+2 2
+9 1
+1 1
-1 3
+1 3
+3 4
+1 4
+1 4
+5 4
+2 4
+1 4
+1 4
+1 4
+2 4
+1 4
+1 4
+1 4
+2 4
+1 4
+2 4
+2 3
+2 3
+1 3
+1 3
+1 3
+2 3
+1 3
+1 3
+1 3
+2 3
+1 3
+2 6
+5 3
+6 3
+1 3
-7 1
+6 1
+1 1

fl=(9) /usr/src/debug/glibc-2.12-2-gc4ccff1/elf/../misc/sbrk.c
fn=(16) sbrk
35 3
+8 1
-8 1
+8 5
+4 2
+11 5

fl=(92)
fn=(528) _dl_sort_fini
34 9
+2 1
-2 3
+2 1
+5 1
+1 1
-1 2
+1 1
+1 1
-1 5
+1 3
cfi=(28)
cfn=(102)
calls=1 +1 
* 19
+15 4
+24 4
+38 4
+3 24
cfi=(28)
cfn=(102)
calls=3 -79 
* 52
* 6
-80 3
+4 3
+1 3
-1 3
+1 3
+4 9
-5 1
+1 1
-1 1
+1 1
+4 11
+6 4
+1 11
+2 12
+1 6
-1 12
+1 9
+3 18
-1 27
+31 18
+21 6
-57 12
+61 12
+3 1
+4 8

fn=(526)
133 11
+22 9
+3 2
cfi=(2)
cfn=(42)
calls=1 836 
* 2
+3 1
+3 2
+2 5
-2 2
+13 5
+16 4
+2 10
+4 10
+1 5
+5 5
-4 5
-2 5
-6 16
+19 4
cfn=(528)
calls=1 34 
* 336
+9 2
cfi=(2)
cfn=(44)
calls=1 842 
* 2
+4 6
+2 2
+2 3
-2 8
+2 12
+3 10
+3 15
+4 2
+7 8
+4 4
+2 3
+1 4
+1 4
cob=(3)
cfi=(47)
cfn=(596)
calls=1 19 
* 6
-1 4
+5 12
+1 9
cob=(2)
cfi=(12)
cfn=(576) 0x0000003a1bc43fb8
calls=1 0 
* 1500
cob=(2)
cfi=(12)
cfn=(546) 0x00000000048017d8
calls=1 0 
* 1237
cob=(2)
cfi=(12)
cfn=(530) 0x0000000000404508
calls=1 0 
* 31
+5 25
-39 5
+55 5
-55 15
-70 2
+70 1
-70 1
285 6
+6 2
+7 8
-63 8
+4 6
-60 2
+3 8

fl=(52)
fn=(260)
30 13
+2 13
+1 13
+1 13
+1 13
+1 13
+1 13
+1 13
+1 13
+1 13
+1 13
cfi=(53)
cfn=(262)
calls=13 +32 
* 17663
+1 13
+1 13
+1 13
+1 13
+1 13
+1 13
+1 13
+1 13
+1 13
+2 13

fl=(20) /usr/src/debug/glibc-2.12-2-gc4ccff1/elf/dl-debug.c
fn=(70) _dl_debug_state
77 2

fn=(66) _dl_debug_initialize
52 10
+5 5
-5 5
+5 10
+5 2
-1 1
+1 3
+1 2
+4 5
-10 10
+4 1
-1 1
+1 4

fl=(18) /usr/src/debug/glibc-2.12-2-gc4ccff1/elf/dl-load.c
fn=(88) open_verify
1581 156
+36 13
-36 26
+36 50
+21 65
cfi=(25)
cfn=(90)
calls=13 82 
* 125
+1 13
-1 13
+1 13
+11 9
-1 3
+1 12
cfi=(25)
cfn=(92)
calls=3 82 
* 15
* 6
+7 9
-7 3
+7 3
+16 37
+2 3
-2 42
+60 6
+5 6
+2 9
+6 6
+7 3
+1 3
+1 3
-2 12
+1 9
+16 12
+15 6
-15 120
+1 44
+4 10
+1 6
+14 14
+2 6
+5 2
+1 2
-13 60
+16 4
+6 2
-3 2
+1 2
+1 2
+1 4
+1 2
-1 4
-3 2
+1 2
+1 8
-2 2
+3 4
+14 117
1673 12
cfi=(32) /usr/src/debug/glibc-2.12-2-gc4ccff1/string/../string/memcmp.c
cfn=(122) bcmp
calls=2 322 
* 178
* 8

fn=(86) expand_dynamic_string_token
317 8
+10 1
-10 1
+10 1
-10 1
+10 1
cfi=(19) /usr/src/debug////////glibc-2.12-2-gc4ccff1/string/../sysdeps/x86_64/strchr.S
cfn=(60) index
calls=1 26 
* 61
* 2
162 2
cfi=(8)
cfn=(14)
calls=1 29 
* 94
* 1
+1 2
cfi=(13)
cfn=(32)
calls=1 -68 
* 29
* 1
+2 2
+3 2
342 3
168 1
342 4
168 1
cfi=(14)
cfn=(38)
calls=1 56 
* 60

fn=(82) _dl_map_object
1984 5
+11 5
-11 10
+11 5
-11 5
+11 5
-11 35
+11 5
-11 10
+11 10
+12 28
-12 42
+5 80
+3 48
cfi=(24)
cfn=(84)
calls=16 301 
* 977
* 32
2273 45
2027 3
-1 6
+10 3
-1 6
+26 6
-2 3
+2 3
cfi=(19)
cfn=(60)
calls=3 26 
* 87
* 6
2202 2
+1 4
cfn=(86)
calls=1 317 
* 278
+2 1
-3 1
+3 1
+4 9
cfn=(88)
calls=1 1581 
* 162
+3 1
-3 1
+3 1
+11 9
+3 6
+44 3
+1 21
-1 3
+1 9
cfn=(94) _dl_map_object_from_fd
calls=3 836 
* 4412
* 6
2026 6
+39 4
cfi=(8)
cfn=(14)
calls=2 29 
* 111
* 2
+2 2
-2 2
+2 2
+7 8
+35 6
+1 30
cfn=(114) open_path
calls=2 1835 
* 1934
+6 2
-6 2
+6 2
+80 4
-80 4
610 6
2123 8
+6 4
cfi=(31) /usr/src/debug/glibc-2.12-2-gc4ccff1/elf/dl-cache.c
cfn=(118) _dl_load_cache_lookup
calls=2 183 
* 2577
+2 2
-2 2
+2 2
+4 6
+9 4
+27 18
cfn=(88)
calls=2 1581 
* 678
+3 4
+2 6
cfn=(126) local_strdup
calls=2 161 
* 272
+1 2
-1 2
+1 4
-94 2
-5 4
+5 2
+3 4
-3 2
+3 4
-3 2
+3 20
-3 6
610 6
2084 6
+14 10
+2 6
-2 4
610 6
2008 14
-1 28
+4 6
+2 6
-2 12
+2 18
cfi=(15)
cfn=(46)
calls=6 135 
* 105
* 18

fn=(94)
836 36
+11 3
-11 3
+11 3
-11 3
+11 3
cfi=(20)
cfn=(66)
calls=3 52 
* 27
+4 9
-4 3
+4 3
cfi=(26)
cfn=(96)
calls=3 37 
* 30
* 6
+11 21
+1 9
-1 27
+1 36
+17 6
+25 6
+10 6
+22 15
+35 21
cfi=(11)
cfn=(24)
calls=3 62 
* 1406
+1 3
-1 3
+1 3
-54 3
+65 3
-65 3
+65 3
+1 3
+4 3
-4 3
+1 6
+2 12
+1 9
+1 6
+22 3
+8 3
-25 3
+17 3
+8 6
-8 12
+8 6
-8 3
+8 6
-8 3
+8 6
+99 6
-47 3
+47 9
-47 3
+47 9
-98 40
+6 9
+1 12
-8 192
+1 132
+70 3
+4 1
+1 2
+1 3
+4 2
+3 2
+7 2
-3 2
+6 1
cfi=(21) /usr/src/debug/glibc-2.12-2-gc4ccff1/elf/dl-tls.c
cfn=(128) _dl_next_tls_modid
calls=1 57 
* 6
* 3
+1 1
+58 6
+1 6
-5 6
+1 3
1038 30
+6 12
+1 6
-1 24
+7 18
+11 6
+1 6
-1 6
+1 6
-1 12
+1 6
+1 42
+2 18
+1 18
+1 18
+4 6
-4 6
+4 15
+5 27
+11 3
-11 27
+11 3
-56 6
+1 2
+67 4
+78 12
985 3
1191 6
985 3
1191 12
+2 3
-2 3
+2 3
+19 24
cfi=(27) /usr/src/debug////////glibc-2.12-2-gc4ccff1/misc/../sysdeps/unix/syscall-template.S
cfn=(98) mmap
calls=3 82 
* 18
+4 3
-4 3
+4 6
+7 9
+1 3
+2 3
-2 3
+2 3
+10 6
+35 18
+3 6
+7 24
+6 3
+2 3
-2 3
+1 3
+2 6
-1 12
+8 6
+3 6
+11 24
cfi=(28)
cfn=(102)
calls=3 44 
* 167
+1 18
+5 6
+15 6
-73 30
+4 6
-2 6
+2 30
cfi=(27)
cfn=(98)
calls=3 82 
* 18
-2 6
+11 6
+2 3
-2 3
+2 3
+2 3
-2 3
+2 2
+1 1
-1 2
+1 4
-3 2
+5 4
+57 3
-77 3
+77 6
+9 3
fi=(3) /usr/src/debug/glibc-2.12-2-gc4ccff1/elf/dynamic-link.h
113 3
fe=(18)
1345 3
fi=(3)
113 3
+6 3
-2 3
+2 6
+7 3
+5 3
+3 3
+1 3
-3 3
-5 6
-1 84
+1 45
+10 15
-18 45
+18 6
-18 18
+2 140
+8 49
+8 49
-18 147
+25 9
+20 4
+1 4
+1 4
+1 4
+2 4
+5 4
+1 3
+1 3
+35 9
+5 1
+2 1
-2 2
+2 1
+2 2
+2 2
+1 1
+2 9
+2 4
+2 4
+1 1
+2 6
fe=(18)
1351 9
+16 9
+19 6
+2 15
+51 9
+1 2
+3 2
cfi=(25)
cfn=(106)
calls=1 82 
* 5
* 4
cfi=(25)
cfn=(106)
calls=2 82 
* 10
* 6
+8 6
+3 6
+2 3
-2 3
+2 3
+16 6
cfi=(4)
cfn=(6)
calls=3 873 
* 62
+4 12
+18 6
+4 3
+5 3
-5 3
+1 6
+4 3
+6 9
cfi=(11)
cfn=(40)
calls=3 33 
* 132
+5 3
-1 6
+20 27
1232 21
cfi=(27)
cfn=(100) mprotect
calls=3 82 
* 15
* 3
1495 2
1321 8
cfi=(27)
cfn=(98)
calls=1 82 
* 6
+3 2
fi=(3)
128 24
+3 24
+1 16
+2 8
+1 8
fe=(18)

fn=(126)
161 8
+1 2
cfi=(8)
cfn=(14)
calls=2 29 
* 124
* 2
+1 4
cfi=(13)
cfn=(32)
calls=2 -68 
* 58
* 2
+2 4
+3 4
+1 4
-1 2
+1 2
-1 2
cfi=(14)
cfn=(38)
calls=2 56 
* 54

fn=(62) fillin_rpath
387 16
+4 3
cfi=(13)
cfn=(64) strsep
calls=1 -66 
* 286
* 6
cfi=(13)
cfn=(64)
calls=2 -66 
* 244
* 9
+3 4
cfi=(8)
cfn=(14)
calls=2 29 
* 89
+4 2
-4 2
+4 2
+15 4
+29 21
+1 10
-38 8
+5 6
+51 6
+3 8
cfi=(13)
cfn=(32)
calls=2 95 
* 58
* 2
+3 2
-3 2
+3 2
+4 2
+2 6
-2 4
+2 2
cfi=(14)
cfn=(58)
calls=2 56 
* 58
* 2
+3 2
-2 4
+2 2
+1 1
+5 2
+1 1
-1 2
+1 2
-1 2
+1 1
-1 2
+1 26
+1 1
-1 3
+1 1
-1 20
-98 2
+98 3
+1 11
-1 6
+4 2
-1 4
+1 2
+7 4
+1 2
+3 6
+5 1
+3 9
-14 4
-9 3

fn=(114)
1835 16
+1 2
-1 10
+7 2
-7 2
+1 2
+6 4
+5 8
+52 4
-52 2
+52 2
-52 14
+75 6
-63 12
+7 16
cfi=(14)
cfn=(58)
calls=4 56 
* 116
+1 4
-1 4
+1 28
+20 16
-20 78
+3 32
+4 60
cfi=(14)
cfn=(58)
calls=10 56 
* 198
* 40
cfi=(14)
cfn=(58)
calls=10 56 
* 230
* 10
-1 10
+7 20
+3 70
cfn=(88)
calls=10 1581 
* 470
* 10
+2 30
+26 8
+2 6
+39 4
-41 4
+41 20
+7 4
-2 4
+2 20
-67 16
+1 48
+79 8
-80 16
+7 16
+3 8
-3 8
+3 24
cfi=(30) /usr/src/debug/glibc-2.12-2-gc4ccff1/io/../sysdeps/unix/sysv/linux/wordsize-64/xstat.c
cfn=(116) _xstat
calls=8 37 
* 98
-1 16
+1 4
-1 4
+3 12
+7 24
+65 18
-14 6
+10 4
-66 6

fn=(54) _dl_init_paths
633 1
+15 2
-15 8
+15 3
cfi=(5) /usr/src/debug/glibc-2.12-2-gc4ccff1/elf/../elf/dl-sysdep.c
cfn=(56) _dl_important_hwcaps
calls=1 354 
* 328
+4 1
-4 1
+4 1
cfi=(13)
cfn=(32)
calls=1 95 
* 29
* 1
+2 1
-2 2
+2 1
+7 5
+4 4
cfi=(13)
cfn=(32)
calls=1 95 
* 29
* 1
* 1
+3 3
+29 1
-22 2
+22 3
-2 2
-21 1
+1 1
+22 3
-8 1
-4 1
-2 2
+11 1
-6 1
-3 1
+1 1
+3 1
+1 1
+4 1
-5 1
-4 1
-2 2
+11 1
-6 1
-3 1
+1 1
+3 1
+1 1
+4 27
+1 2
-1 6
+1 2
-1 24
+1 4
-1 12
+3 10
+7 1
+4 1
-5 1
+6 2
+4 3
+32 4
+8 3
cfi=(19)
cfn=(60)
calls=1 26 
* 34
* 2
+2 2
cfi=(8)
cfn=(14)
calls=1 29 
* 57
* 8
cfi=(14)
cfn=(38)
calls=1 56 
* 31
* 1
+17 6
+2 1
+1 2
+1 1
-4 3
+2 26
+1 52
+1 26
-4 79
+7 1
cfi=(13)
cfn=(32)
calls=1 95 
* 29
* 1
+2 1
-2 1
+2 1
+6 7
cfn=(62)
calls=1 387 
* 997
+4 3
+6 1
+4 8
-72 1
-2 1
+2 2
+11 2

fl=(15)
fn=(46)
135 645
+1 645
+1 645
+1 326
+1 326
+1 326
+1 326
cfn=(47) strcmp'2
calls=326 -6 
* 13010
+5 319
+1 319
+1 319
+1 319

fn=(47)
135 1816
+1 1816
+1 1816
+1 1639
+1 1639
+1 1639
+1 1639
cfn=(47)
calls=1490 -6 
* 59911
+2 149
+1 149
+2 177
+1 177
+1 177
+1 177

fl=(21)
fn=(128)
57 3
+48 2
+4 1

fn=(142) _dl_determine_tlsoffset
138 1
+11 1
-11 3
+45 8
+5 2
+4 2
-4 3
+2 2
+2 3
+12 2
+4 5
+3 2
-1 2
+10 1
-37 2
+37 1
-37 3
+41 1
-1 1
+52 1
-51 1
+52 4
-52 3
+52 1

fn=(172) _dl_allocate_tls_init
402 7
+1 1
-1 1
+1 1
+4 1
+8 5
+5 6
+6 8
+27 3
+8 3
+1 3
+1 6
cfi=(14)
cfn=(58)
calls=1 56 
* 23
* 4
cfi=(28)
cfn=(102)
calls=1 44 
* 27
* 3
-43 3
+6 4
+3 1
+1 2
+7 1
+2 1
-2 2
+2 2
+38 1
+3 9

fn=(68) _dl_count_modids
116 2
+1 3

fn=(170) _dl_add_to_slotinfo
843 6
+6 1
+3 2
+5 3
+42 1
-1 3
+1 2
+1 6

fn=(144) _dl_allocate_tls_storage
354 1
+13 1
-13 2
+2 1
+11 2
cfi=(13)
cfn=(36) __libc_memalign
calls=1 53 
* 50
* 1
+1 1
-1 1
+1 1
+7 1
+4 307
-58 1
+1 1
-1 1
+1 2
cfi=(13)
cfn=(28)
calls=1 111 
* 39
* 1
+1 2
+3 1
+6 2
+64 5

fl=(24)
fn=(84)
301 475
+1 190
cfi=(15)
cfn=(46)
calls=95 135 
* 672
* 190
+3 95
+2 190
+4 96
-4 192
+1 303
cfi=(15)
cfn=(46)
calls=101 135 
* 1718
* 202
+6 5
-7 5
+7 105
-7 90
+7 270

fn=(120) _dl_sysdep_read_whole_file
44 2
+3 1
-3 4
+3 1
-3 1
+3 1
cfi=(25)
cfn=(90)
calls=1 +35 
* 5
+1 1
-1 1
+1 2
+2 4
cfi=(26)
cfn=(96)
calls=1 -13 
* 10
* 2
+2 1
+3 1
-3 1
+3 1
+13 2
cfi=(25)
cfn=(106)
calls=1 +14 
* 5
+3 7
-14 7
cfi=(27)
cfn=(98)
calls=1 +25 
* 6
* 2

fl=(5)
fn=(8) _dl_sysdep_start
89 8
+25 1
-1 1
+1 176
+3 1
-3 1
+6 2
-2 1
-1 1
+3 1
-6 1
+6 4
+1 1
-1 7
+1 102
+3 2
-4 49
fi=(16) /usr/src/debug/glibc-2.12-2-gc4ccff1/elf/../sysdeps/unix/sysv/linux/dl-sysdep.c
-84 2
cfi=(6)
cfn=(10)
calls=1 -7 
* 11
fi=(7)
226 5
fe=(5)
+3 2
cfi=(9)
cfn=(16)
calls=1 35 
* 17
* 3
+12 3
+3 5
cfi=(2)
cfn=(18) dl_main
calls=1 888 
* 156322
+2 9
-67 1
-59 4
+34 1
-34 4
+43 1
-43 4
+40 1
-40 4
+37 1
-37 5
+13 1
-13 4
+10 1
-10 4
+7 1
-7 4
227 1
cfi=(8)
cfn=(14)
calls=1 29 
* 39
* 2

fn=(56)
354 6
+3 1
-3 2
+3 1
-1 1
+1 1
+9 1
-12 4
+12 1
+10 3
+75 2
+8 2
+2 1
+1 1
-1 2
+1 3
+11 1
-7 2
+1 1
-1 1
+7 1
+4 6
+1 2
+18 11
+1 3
cfi=(13)
cfn=(32)
calls=1 95 
* 29
* 1
+1 1
-1 1
+1 1
+4 2
+22 3
+3 1
-3 3
+3 1
+28 2
-7 1
+7 4
+1 1
-1 1
+1 1
-1 1
+1 1
-1 1
+1 3
-1 3
+1 3
-1 3
+1 3
-1 5
+5 2
-5 3
+5 3
+3 1
-3 1
+3 1
-3 3
+3 1
-3 1
+3 7
+2 16
-2 4
+1 12
-1 2
+1 12
-1 10
+4 4
+3 1
+2 2
-1 1
-1 2
+2 3
+13 11
+1 1
+2 2
-3 3
+1 1
+2 2
+3 3
+3 9
418 1
+3 1
-3 1
+3 8
529 5
cfi=(14)
cfn=(58)
calls=1 56 
* 22
* 1
+1 1
-1 1
+1 2
cfi=(14)
cfn=(58)
calls=1 56 
* 22
* 3

fn=(174) _dl_sysdep_start_cleanup
252 1

fl=(2)
fn=(140) init_tls
782 1
-56 1
-4 1
-2 1
+2 1
+4 1
+60 3
-54 1
+3 4
cfi=(13)
cfn=(28)
calls=1 111 
* 39
* 1
+14 1
-14 1
+7 1
+1 1
+6 3
+2 10
+4 1
+2 1
-2 2
-5 1
-1 2
+1 4
-1 8
+13 1
cfi=(21)
cfn=(142)
calls=1 138 
* 55
+7 1
cfi=(21)
cfn=(144)
calls=1 354 
* 424
+1 1
-1 1
+1 1
+6 1
+4 1
-4 1
+4 6
+3 1
+2 1

fn=(72) do_preload
802 6
+6 1
+1 1
+5 5
-10 1
+6 1
+2 1
+2 1
cfi=(22) /usr/src/debug/glibc-2.12-2-gc4ccff1/elf/dl-error.c
cfn=(74) _dl_catch_error
calls=1 160 
* 2244
+1 2
+2 3
+12 5

fn=(80) map_doit
628 2
+2 7
cfi=(18)
cfn=(82)
calls=1 1984 
* 2175
* 1
+2 2

fn=(2) _dl_start
365 9
+18 4
fi=(7)
76 2
fe=(2)
383 1
+29 2
-3 1
fi=(3)
119 1
fe=(2)
412 1
fi=(3)
119 2
+3 1
+4 1
+5 1
+3 1
+1 1
-3 1
-5 2
-5 14
+15 14
-18 42
+18 3
-18 9
+2 44
+5 32
+1 15
+10 5
-18 16
+25 2
fe=(2)
547 1
288 68
+12 2
cfi=(4)
cfn=(6)
calls=1 873 
* 24
+1 1
+1 1
+1 1
-2 1
+3 1
-2 1
+1 1
+1 1
+21 1
+10 1
-10 3
+10 1
-6 1
-4 1
+10 1
cfi=(5)
cfn=(8)
calls=1 89 
* 156821
* 1
+9 1
+7 1
-4 1
+4 1
572 9
fi=(3)
128 12
+3 12
+1 8
+2 4
+1 4
fe=(2)
540 2

fn=(18)
888 1
+19 1
-19 5
+22 1
-22 2
+32 1
-32 4
+27 1
-1 1
+6 1
+3 1
-16 1
+3 1
+4 1
+1 1
+8 1
cfn=(20) process_envvars
calls=1 2532 
* 598
+7 3
1109 5
+9 1
-9 2
cfi=(11)
cfn=(24)
calls=1 62 
* 250
+4 1
-4 1
+3 1
+6 2
-5 1
+1 2
+4 1
cfi=(11)
cfn=(40)
calls=1 33 
* 31
* 1
+30 1
-3 1
+3 1
-8 1
+1 1
+2 1
+5 5
+1 24
-1 24
+1 39
+91 2
+1 1
-88 3
+1 1
+49 2
+1 2
-1 8
+2 4
+1 2
+3 2
+1 2
-1 2
+1 2
+1 2
+1 6
+1 2
-43 1
-3 2
+3 1
+7 2
-10 1
+10 1
+68 2
-87 3
+1 1
+92 3
+3 2
+2 2
+2 3
+13 3
+1 6
cfi=(15)
cfn=(46)
calls=1 135 
* 7
-1 2
+12 2
-4 1
-2 1
+3 1
+3 1
+6 2
fi=(3)
104 1
+9 2
+6 1
-2 1
+2 2
+7 1
+5 1
+3 1
+1 1
-3 1
-5 2
-1 12
+1 9
+10 3
-18 9
+2 40
+8 17
+8 17
-18 51
+25 3
+67 3
+14 3
+7 2
fe=(2)
1294 2
cfi=(4)
cfn=(6)
calls=1 873 
* 14
+3 2
+20 4
+92 1
cfi=(16)
cfn=(50) _dl_discover_osversion
calls=1 67 
* 92
* 8
+5 2
cfi=(18)
cfn=(54)
calls=1 633 
* 1945
+3 3
cfi=(20)
cfn=(66)
calls=1 52 
* 23
+7 1
-7 1
+2 1
+5 1
+4 1
+3 1
-2 1
+3 1
-2 1
-2 2
+9 1
-9 1
+1 1
+8 1
+5 1
+4 1
-3 2
+3 1
+4 1
-5 1
+5 2
+1 2
+1 1
-1 2
+1 3
+2 2
+1 2
+5 2
+5 4
1642 1
cfi=(21)
cfn=(68)
calls=1 116 
* 5
* 1
+8 3
+3 2
+4 3
+5 2
+1 1
cfi=(20)
cfn=(70)
calls=1 77 
* 1
+1 1
+4 3
+19 4
+31 3
cfi=(25)
cfn=(108)
calls=1 82 
* 11
* 2
+77 5
+17 1
+1 2
-1 1
+1 2
-1 1
+1 3
cfi=(29) /usr/src/debug/glibc-2.12-2-gc4ccff1/elf/dl-deps.c
cfn=(110) _dl_map_object_deps
calls=1 149 
* 12572
+1 1
+2 5
+3 1
-3 2
+3 1
-3 1
+3 1
-3 1
+3 1
+1 5
-1 2
+1 16
-1 9
+4 3
+1 3
+1 1
+2 2
+1 22
-1 9
+1 2
+13 1
-1 2
+1 1
+2 4
+5 1
-5 1
+4 2
+12 1
+3 1
+1 1
-1 1
+1 3
+11 2
+2 3
-2 2
+1 4
+1 1
cfi=(22)
cfn=(130) _dl_receive_error
calls=1 198 
* 3647
+10 1
+1 1
-1 1
+1 1
+3 2
851 1
fi=(34) /usr/src/debug/glibc-2.12-2-gc4ccff1/elf/../sysdeps/unix/sysv/linux/dl-osinfo.h
70 2
+48 2
fe=(2)
853 1
+6 2
fi=(34)
127 2
+11 2
fe=(2)
864 1
+2 1
+6 1
1895 2
2121 3
+56 2
+4 4
+4 2
+48 2
+7 1
-7 1
+7 1
+3 21
+3 3
+6 2
+2 2
-2 8
+2 8
+7 5
-2 5
+2 10
+1 28
cfi=(35) /usr/src/debug/glibc-2.12-2-gc4ccff1/elf/dl-reloc.c
cfn=(148) _dl_relocate_object
calls=4 158 
* 122138
+4 12
+1 2
cfi=(21)
cfn=(170)
calls=1 843 
* 24
+2 5
+2 10
+1 1
+2 7
+6 1
-6 1
+6 1
+9 4
+2 1
+5 2
cfi=(21)
cfn=(172)
calls=1 402 
* 128
+4 2
+11 4
+29 1
cfi=(5)
cfn=(174)
calls=1 252 
* 1
+4 3
+20 3
cfi=(20)
cfn=(66)
calls=1 52 
* 9
+1 1
-1 1
+2 1
cfi=(20)
cfn=(70)
calls=1 77 
* 1
+1 1
+4 1
cfi=(31)
cfn=(176) _dl_unload_cache
calls=1 303 
* 15
+5 8
-50 1
+2 1
+1 1
-3 1
+3 3
-3 1
+3 1
cfi=(35)
cfn=(148)
calls=1 158 
* 9609
+1 1
+2 10
1438 4
-11 4
1799 9
+4 3
+1 1
+1 3
2256 1
+1 1
-3 2
1694 78
cfi=(14)
cfn=(38)
calls=1 56 
* 66
* 1
+3 4
+3 3
cfi=(13)
cfn=(64)
calls=1 325 
* 1266
* 3
cfi=(13)
cfn=(64)
calls=1 325 
* 4
* 6
+1 4
+3 4
cfn=(72)
calls=1 802 
* 2271
* 2
+2 1
+2 12
1888 1
cfn=(140)
calls=1 782 
* 585
* 2

fn=(20)
2532 1
+8 2
-8 4
+23 1
-23 4
+8 1
-8 1
+8 2
-7 1
+6 2
fi=(97) /usr/src/debug/glibc-2.12-2-gc4ccff1/elf/../sysdeps/unix/sysv/linux/dl-librecon.h
32 1
fe=(2)
2539 1
-6 1
fi=(97)
32 2
fe=(2)
2542 2
cfi=(10)
cfn=(22)
calls=1 31 
* 126
* 4
cfi=(10)
cfn=(22)
calls=2 31 
* 244
* 9
+4 6
-4 2
+4 38
+1 19
-1 57
+9 12
2704 1
-4 1
+4 1
-4 1
+4 1
+30 2
+21 8
2629 17
-53 5
+7 12
+2 2
+1 1
+45 2
+1 1

fn=(76) _dl_initial_error_catch_tsd
796 12

fn=(132) version_check_doit
660 2
+3 4
cfi=(33) /usr/src/debug/glibc-2.12-2-gc4ccff1/elf/dl-version.c
cfn=(134) _dl_check_all_versions
calls=1 387 
* 3607
-1 2
+4 2

fn=(42)
836 6
+1 6

fn=(44)
842 6
+1 6

fl=(17) /usr/src/debug////////glibc-2.12-2-gc4ccff1/posix/../sysdeps/unix/syscall-template.S
fn=(52) uname
82 4
+1 1

fl=(16)
fn=(50)
67 4
+2 3
+85 5
-45 3
cfi=(17)
cfn=(52)
calls=1 -27 
* 5
* 3
+12 2
+10 12
+4 3
-2 9
+2 10
+3 4
-3 4
+7 3
-1 3
+2 3
+2 14
+5 2

fl=(22)
fn=(74)
160 35
+9 5
+2 5
cfi=(2)
cfn=(76)
calls=5 796 
* 10
* 5
+1 5
+2 10
-2 5
+2 5
cfi=(23) /usr/src/debug////////glibc-2.12-2-gc4ccff1/setjmp/../sysdeps/x86_64/setjmp.S
cfn=(78) __sigsetjmp
calls=5 26 
* 95
+1 5
-1 5
+1 5
+2 10
+1 5
-1 5
+1 5
cfi=(29)
cfn=(112) openaux
calls=4 62 
* 10302
cfi=(2)
cfn=(80)
calls=1 628 
* 2187
+1 15
+1 5
+1 5
-1 5
+2 5
-1 5
+1 5
+10 20

fn=(130)
198 10
+1 1
cfi=(2)
cfn=(76)
calls=1 796 
* 2
+5 1
-1 1
-4 1
+9 1
+2 1
-3 1
+3 1
cfi=(2)
cfn=(132)
calls=1 660 
* 3617
+2 1
+1 1
+1 8

fl=(32)
fn=(122)
322 3
+7 3
-7 15
+7 3
+4 3
+16 1
-16 1
+16 2
+1 2
136 7
+4 1
+1 1
+3 3
+48 1
-2 1
+1 1
+1 1
357 1
+2 1
-2 2
+1 1
+5 6
+6 6
+1 6
-3 6
+2 68
+1 34
-3 17
-4 43
+13 21
204 2
-5 2

fl=(29)
fn=(112)
62 8
+7 4
-4 44
cfi=(18)
cfn=(82)
calls=4 1984 
* 10234
* 4
+5 8

fn=(110)
149 1
+1 1
-1 2
+1 1
-1 2
+1 1
-1 1
+1 2
-1 4
+1 1
-1 1
+1 2
+16 1
-16 1
+14 1
+1 1
+1 1
+6 3
+10 1
-10 1
+10 1
-36 5
+20 1
-2 1
+19 1
-17 1
+6 1
-6 1
-2 1
+2 1
-2 1
+1 1
+1 1
+6 3
+10 1
-10 1
+10 5
+19 1
-15 1
+18 1
338 3
186 2
338 1
201 2
+2 1
+1 1
338 4
208 1
+5 1
+4 2
-9 4
+5 4
+4 8
+2 2
+3 10
+10 3
-8 3
+7 3
-7 3
+8 3
+3 3
-5 3
+1 3
-7 3
+5 3
+6 21
+50 8
+1 6
-51 292
+1 146
+6 20
cfi=(19)
cfn=(60)
calls=4 26 
* 136
* 12
+5 20
-3 4
+3 4
cfi=(22)
cfn=(74)
calls=4 -87 
* 10530
+2 12
+15 4
+2 8
+5 3
+6 3
+2 3
-8 6
+5 3
-2 3
+1 3
+2 3
+4 18
-59 8
+13 2
466 10
+2 9
+2 9
cfi=(13)
cfn=(32)
calls=3 95 
* 87
* 3
+2 3
-2 3
+2 3
+4 12
-1 3
+2 3
-1 6
cfi=(14)
cfn=(38)
calls=3 56 
* 64
+1 12
cfi=(14)
cfn=(38)
calls=3 56 
* 64
+4 3
-1 3
+5 30
+2 5
+1 34
217 18
+1 4
-1 8
+2 21
488 3
+4 4
+1 2
+3 5
+11 4
cfi=(13)
cfn=(32)
calls=1 95 
* 29
* 1
+2 1
-2 1
+2 1
+5 2
+1 1
-1 1
+1 1
-1 1
+1 1
-1 1
+1 5
+8 5
+4 2
-10 3
+6 20
+4 8
-10 13
+13 2
+53 4
+43 1
-5 1
+6 2
-1 6
+1 3
cfi=(28)
cfn=(102)
calls=1 44 
* 19
* 1
+25 2
-25 1
+25 1
-25 1
+25 1
-21 2
+7 1
-6 2
+6 1
-7 6
+7 3
-6 6
+6 9
+2 12
+1 6
-1 12
+1 9
+3 18
-1 27
+23 6
-28 12
+31 15
+3 24
cfi=(28)
cfn=(102)
calls=3 44 
* 52
* 6
-45 6
+45 1
+7 2
+2 1
+1 1
-1 1
+9 2
+3 2
+3 8
288 276
619 8
cfi=(14)
cfn=(38)
calls=1 56 
* 42
+2 3

fl=(31)
fn=(124) _dl_cache_libcmp
170 63
-29 42
+2 63
+20 63
+2 42
+4 21
+1 42
cfn=(125) _dl_cache_libcmp'2
calls=21 * 
* 1442

fn=(125)
170 258
-29 178
+2 258
+2 9
+6 6
+1 3
-1 3
+2 3
-1 6
+1 9
+2 12
+2 6
+6 249
+2 166
+4 65
+1 130
cfn=(125)
calls=65 * 
* 3068
+3 6
+1 3
-8 72

fn=(176)
303 1
+1 4
+2 2
cfi=(27)
cfn=(178) munmap
calls=1 82 
* 5
+1 1
+2 2

fn=(118)
183 16
+8 4
+3 6
+45 4
+6 6
+16 6
+12 2
-20 2
+8 2
+12 2
-12 2
+12 4
-20 2
+20 4
-20 2
+20 320
cfn=(124)
calls=18 170 
* 1456
* 76
+21 18
-97 4
cfi=(24)
cfn=(120)
calls=1 44 
* 68
+8 2
+1 1
-1 2
+1 3
-1 13
+5 2
+3 4
+3 1
+1 2
-1 1
+1 1
+2 3
cfi=(32)
cfn=(122)
calls=1 322 
* 87
-2 2
+56 38
cfn=(124)
calls=1 170 
* 81
* 10
cfn=(124)
calls=2 170 
* 241
* 69
+16 8

fl=(33)
fn=(136) _dl_check_map_versions
180 45
+15 5
-15 10
+15 10
+2 5
+3 5
-3 5
+2 5
+1 5
+2 5
-3 5
+3 5
+3 9
+4 3
-4 3
+4 6
+10 12
+7 3
62 3
226 6
62 24
+1 10
-1 20
+2 39
cfi=(24)
cfn=(84)
calls=13 301 
* 841
* 26
234 9
+5 12
+20 6
-16 64
cfn=(138) match_symbol
calls=2 82 
* 280
* 24
cfn=(138)
calls=4 82 
* 737
* 30
+11 18
+9 12
69 3
277 10
+3 12
+10 44
-10 88
+6 66
-6 12
+6 9
+8 10
+87 45
-81 4
-1 12
cfi=(13)
cfn=(28)
calls=4 111 
* 181
* 4
+2 4
-2 4
+2 4
+11 4
+2 4
-5 4
+3 8
+2 4
+3 15
+4 9
+18 9
-15 6
+2 9
-2 6
+2 9
+2 36
+1 18
+1 18
+1 18
+3 18
+8 9
+10 8
+3 15
+20 44
-14 22
-2 22
+2 25
-2 3
+2 3
+5 44
+1 22
-1 110
+1 22
+1 22
-1 44
+4 78
269 6

fn=(134)
387 5
+4 1
-4 1
+4 1
-4 1
+4 3
+1 15
-1 5
+1 5
-1 10
+5 7
-3 20
cfn=(136)
calls=5 180 
* 3513
-1 20

fn=(138)
82 60
+9 6
-8 6
-1 18
+1 6
+8 6
+6 18
+18 12
+5 12
+14 66
+12 81
+4 54
-30 54
+19 36
cfi=(15)
cfn=(46)
calls=6 -4 
* 516
* 18
+34 6
+1 42

fl=(13)
fn=(32)
95 26
+1 52
cfn=(36)
calls=26 -43 
* 706
* 26

fn=(28)
111 10
-3 10
+3 20
-3 10
+3 20
+4 20
cfn=(32)
calls=10 -20 
* 346
* 10

fn=(36)
53 108
+1 107
+11 78
+3 26
-3 26
+3 52
-3 3
+3 1
-3 1
+3 98
+4 12
+1 9
+6 21
cfi=(27)
cfn=(98)
calls=3 +3 
* 18
+2 6
+3 6
+1 6
-1 3
+1 6
+3 3
+1 3
+2 12
-3 24
+1 24
+2 96
-31 2
-1 5

fn=(64)
325 5
+1 10
+4 27
+5 6
-5 270
+5 364
+2 736
+8 92
-15 278
+18 2
+4 4
-13 2
+2 2
+7 1
+4 1

fl=(1) ???
fn=(0) 0x0000003a1b400b00
0 2
cfi=(2)
cfn=(2)
calls=1 365 
0 157216
0 14
cfi=(40)
cfn=(182)
calls=1 93 
0 2373
0 3
cob=(6)
cfi=(51)
cfn=(252) 0x0000000000400d50
calls=1 0 
0 3762263037

fl=(27)
fn=(100)
82 24
+1 6

fn=(98)
82 55
+1 11

fn=(178)
82 4
+1 1

fl=(35)
fn=(148)
158 30
+10 10
-10 15
+14 5
-14 10
+14 5
+1 25
+6 10
+6 15
+4 10
+8 15
+45 5
fi=(7)
96 10
fe=(35)
242 10
fi=(7)
96 5
+39 6
fe=(35)
268 127
fi=(36) /usr/src/debug/glibc-2.12-2-gc4ccff1/elf/do-rel.h
57 3
+1 3
+1 3
fe=(35)
268 3
156 3
fi=(36)
-91 3
fe=(35)
+91 3
fi=(7)
295 3
fe=(35)
-27 3
fi=(7)
+27 3
fi=(36)
65 3
fe=(35)
268 2
fi=(36)
57 2
+1 2
+1 2
fe=(35)
268 2
156 2
fi=(36)
-91 2
fe=(35)
+91 2
fi=(7)
295 2
fe=(35)
-27 2
fi=(7)
+27 2
fi=(36)
65 2
+3 13
fi=(7)
476 3
-1 6
+4 6
-3 35
-1 70
+4 70
+2 114
+1 27
fi=(36)
68 114
fe=(35)
268 35
fi=(36)
59 5
fe=(35)
268 30
fi=(36)
65 5
fe=(35)
268 5
fi=(36)
57 5
+1 5
+7 5
+10 5
+2 5
-2 10
+1 5
+1 42
+14 4
-12 4
+12 9
-12 1
+12 2
+10 14
+10 12
+4 4
+2 4
-2 4
+2 4
fi=(7)
296 12
fi=(36)
119 8
+1 4
+2 8
-2 4
-1 4
fi=(7)
267 4
fi=(36)
119 4
fi=(7)
270 4
fi=(36)
119 4
+1 12
fi=(7)
270 4
fi=(36)
119 230
+1 115
+2 230
-2 115
-1 115
fi=(7)
267 115
fi=(36)
119 115
fi=(7)
270 115
fi=(36)
119 115
+1 345
fi=(7)
270 115
+18 238
+7 2542
fi=(36)
120 180
fi=(7)
295 270
fi=(36)
120 90
fi=(7)
295 399
fi=(36)
120 26
fi=(7)
295 39
fi=(36)
120 13
fi=(7)
295 1288
cfi=(4)
cfn=(154)
calls=103 724 
* 114006
* 412
+1 357
+4 115
-4 230
+4 115
-1 230
+10 238
fe=(35)
-38 15
+28 5
+3 10
+13 10
+1 6
cfn=(168) _dl_protect_relro
calls=3 +8 
* 72
* 3
+1 40
fi=(7)
135 6
-39 6
+6 6
+4 9
+13 3
-8 3
+8 6
+13 3
+3 3
-3 3
+3 9
fe=(35)
+50 15
+83 18
fi=(36)
117 7
fi=(7)
309 476
+85 104
fi=(36)
117 208
fi=(7)
394 104
fi=(36)
117 107
fi=(7)
377 30
+4 30
+5 20
fi=(36)
117 10
fi=(7)
386 20
fi=(36)
117 20
fi=(7)
327 2
+1 1
fi=(36)
117 1
fi=(7)
328 1
fi=(36)
117 2
fi=(7)
448 4
fi=(36)
117 2
fi=(7)
448 2
cob=(3)
cfi=(38)
cfn=(166)
calls=1 124 
* 6
cob=(3)
cfi=(38)
cfn=(162)
calls=1 106 
* 64
+1 2
fi=(36)
117 4
fi=(7)
430 6
+4 10
cfi=(14)
cfn=(38)
calls=2 56 
* 36
+2 10
295 26
fi=(36)
104 5
fi=(7)
467 3
fi=(36)
104 2
fi=(7)
467 1
fi=(36)
104 1
+7 3
+16 5
+1 2
+1 2
-1 1
fi=(7)
267 1
fi=(36)
128 1
fi=(7)
270 1
fi=(36)
128 3
fi=(7)
270 1
fi=(36)
128 8
+1 8
-1 4
fi=(7)
267 4
fi=(36)
128 4
fi=(7)
270 4
fi=(36)
128 12
fi=(7)
270 4
+18 10
+7 195
cfi=(4)
cfn=(154)
calls=5 724 
* 6002
* 20
+1 15
+4 1
-4 2
+4 1
-1 2
+10 30
108 2
+1 3
394 15
fi=(36)
127 16
fi=(7)
484 55
295 95
fe=(35)

fn=(168)
324 3
-2 6
+1 6
+1 9
+2 6
+2 6
+1 9
cfi=(27)
cfn=(100)
calls=3 82 
* 15
-1 6
+7 6

fl=(8)
fn=(14)
29 16
+1 16
+1 16
+1 16
+2 9
+1 9
+2 9
+1 9
-1 18
+1 18
+1 26
+1 26
+1 26
+2 30
+5 15
+1 15
+1 15
+1 15
+3 15
-6 6
+1 6
+1 6
+1 6
+3 6
+1 15
+1 15
+1 15
+2 15
+3 13
+1 13
+1 13
+1 13
+3 13
+1 12
+1 12
+1 12
+2 12
+3 9
+1 9
+1 9
+1 9
+3 9
+1 7
+1 7
+1 7
+2 7
+3 7
+1 7
+1 7
+1 7
+3 7
+1 7
+1 7
+1 7
+2 8
+3 1
+2 1
+1 1
-3 14
+2 14
+1 14
+1 13
+2 13
+1 13
+1 13
+2 13
+1 13
+1 8
+2 8
+1 8
+1 6
+2 6
+2 6
+1 6
+1 6
+2 6
+1 6
+1 3
+2 3
+1 3
+1 2
+2 2
+1 2
-1 14
+1 14

fl=(30)
fn=(116)
37 8
-1 8
+1 8
+1 48
+4 2
-4 24

fl=(19)
fn=(60)
26 9
+1 9
+1 9
+1 9
+1 9
+1 9
+1 9
+1 9
+1 9
+1 9
+1 9
+1 9
+1 9
+1 9
+1 9
+1 9
+1 9
+1 9
+1 9
+1 9
+1 9
+2 10
+1 10
+1 10
+1 10
+1 10
+1 10
+1 10
+1 10
+1 10
+2 9
+1 9
+1 1
+1 1
+1 1
+1 1
+1 8
+1 9

fl=(23)
fn=(78)
26 5
+2 5
+1 10
+1 5
+4 5
+1 5
+1 5
+1 5
+1 5
+2 10
+2 5
+1 5
+2 10
+2 5
+4 5
+1 5

ob=(4) /usr/sup/valgrind-3.9.0/lib/valgrind/vgpreload_core-amd64-linux.so
fl=(41) ???
fn=(548) 0x00000000000005b0
0 10
cob=(3)
cfi=(93)
cfn=(560)
calls=1 31 
0 62
cob=(1)
cfi=(52)
cfn=(260)
calls=1 30 
0 1133
0 5
0 9
cfn=(568) 0x0000000000000540
calls=1 0 
0 9
0 5

fn=(568)
0 9

fn=(202) 0x00000000000007a0
0 12

fn=(192) 0x0000000000000630
0 16

fn=(186) 0x0000000000000520
0 6

ob=(6)
fl=(85) /usr/sup/src/cii40/src/mem.c
fn=(424) Mem_alloc
8 11280368
+3 4230138
cob=(3)
cfi=(61)
cfn=(316)
calls=1410046 3619 
* 131289653
* 1410046
* 1410046
+1 2820092
+7 1410046
+1 2820092

fn=(472) Mem_free
36 8460276
+1 2820092
+1 4230138
cob=(3)
cfi=(61)
cfn=(464)
calls=1410046 3702 
* 118443864
* 1410046
+1 2820092

fl=(51)
fn=(272)
0 15
cob=(2)
cfi=(12)
cfn=(274) 0x0000000000400b98
calls=1 0 
0 39
0 10

fn=(282) 0x0000000000400e80
0 15

fn=(292) 0x00000000004044d0
0 12

fn=(538) 0x0000000000400da0
0 8

fn=(532) 0x0000000000400e10
0 14
cfn=(538)
calls=1 0 
0 8
0 5

fn=(252)
0 11
cob=(3)
cfi=(54)
cfn=(266)
calls=1 96 
0 3762261322
cob=(1)
cfi=(52)
cfn=(260)
calls=1 30 
0 1699
0 5

fn=(276) 0x0000000000400d7c
0 6

fl=(84) /usr/sup/src/cii40/src/stack.c
fn=(458) Stack_empty
21 8586564
+2 7155470
+1 2862188

fn=(470) Stack_pop
34 8460270
+4 2820090
-4 2820090
+5 4230135
+1 5640180
+1 7050225
+1 4230135
+1 7050225
cfi=(85)
cfn=(472)
calls=1410045 -7 
* 138184410
* 1410045
+1 1410045
+1 2820090

fn=(522) Stack_free
46 6
+2 4
-2 1
+3 7
+4 6
cfi=(85)
cfn=(472)
calls=1 -17 
* 98
* 2
+1 2

fn=(422) Stack_new
14 3
+2 4
cfi=(85)
cfn=(424)
calls=1 -8 
* 210
* 1
+1 2
+1 2
+1 1
+1 2

fn=(468) Stack_push
25 9870315
+3 5640180
cfi=(85)
cfn=(424)
calls=1410045 -20 
* 156670271
* 1410045
+1 4230135
+1 5640180
+1 4230135
+1 7050225
+1 2820090

fl=(88) /g/40/2014f/www/solutions/bitpack.c
fn=(452) Bitpack_newu
91 722640
+1 120440
-1 481760
+2 240880
+1 361320
cfn=(454) Bitpack_fitsu
calls=120440 -31 
* 1083960
* 240880
-64 240880
+1 120440
+3 361320
-12 120440
+74 240880
-74 120440
-4 240880
+1 120440
+3 180660
+12 361320
+65 180660
-65 90330
+65 90330
-65 90330
+65 90330
-65 90330
+65 361320
-65 30110
+65 60220
-65 30110
+65 30110
-65 30110
+65 30110
-65 30110
+65 120440
-80 60220

fn=(454)
63 120440
-1 120440
+1 240880
+3 481760
+1 120440

fl=(59)
fn=(420) initializeSegmentZero
493 4
+2 2
cob=(3)
cfi=(61)
cfn=(316)
calls=1 3619 
* 192
* 1
* 1
+1 3
cob=(3)
cfi=(61)
cfn=(316)
calls=1 3619 
* 225
* 1
* 1
+1 1
+2 2
+1 4

fn=(304)
317 3
+4 2
+1 3
cob=(3)
cfi=(60)
cfn=(310)
calls=1 107 
* 61279
cob=(1)
cfi=(52)
cfn=(260)
calls=1 30 
* 1362
* 5
* 1
+7 2
cob=(3)
cfi=(61)
cfn=(316)
calls=1 3619 
* 192
cob=(1)
cfi=(52)
cfn=(260)
calls=1 30 
* 1417
* 5
* 1
+1 2
cob=(3)
cfi=(61)
cfn=(316)
calls=1 3619 
* 192
* 1
* 1
+2 4
cfn=(364) initialize
calls=1 +24 
* 15846605
+1 3
cfn=(456) execute
calls=1 +62 
* 3741467336
+2 2
cob=(3)
cfi=(90)
cfn=(500)
calls=1 43 
* 397
cob=(1)
cfi=(52)
cfn=(260)
calls=1 30 
* 1366
* 5
+2 2
cob=(3)
cfi=(61)
cfn=(464)
calls=1 3702 
* 84
* 1
+1 2
cob=(3)
cfi=(61)
cfn=(464)
calls=1 3702 
* 84
* 1
+2 2
cfn=(520) deleteMemory
calls=1 507 
* 4877016
+2 5

fn=(364)
356 4
+2 2
+3 2
-1 2
+1 14
-1 14
+4 4
cob=(3)
cfi=(76)
cfn=(370)
calls=1 37 
* 304
cob=(1)
cfi=(52)
cfn=(260)
calls=1 30 
* 1330
* 5
+1 2
cob=(3)
cfi=(82)
cfn=(406)
calls=1 37 
* 110
cob=(1)
cfi=(52)
cfn=(260)
calls=1 30 
* 1436
* 5
* 1
+1 2
cob=(3)
cfi=(83)
cfn=(414)
calls=1 34 
* 157
cob=(1)
cfi=(52)
cfn=(260)
calls=1 30 
* 1416
* 5
+2 2
cfn=(418) newMemory
calls=1 473 
* 868
+6 2
+2 90330
cob=(3)
cfi=(87)
cfn=(446)
calls=30110 37 
* 1686160
cob=(1)
cfi=(52)
cfn=(260)
calls=1 30 
* 1358
* 30114
+2 60220
cob=(3)
cfi=(86)
cfn=(430)
calls=30110 37 
* 1174290
* 30110
* 150550
cfi=(88)
cfn=(452)
calls=30110 91 
* 1716270
* 30110
+1 60220
cob=(3)
cfi=(86)
cfn=(430)
calls=30110 37 
* 1174290
* 30110
* 150550
cfi=(88)
cfn=(452)
calls=30110 91 
* 1716270
* 30110
+1 60220
cob=(3)
cfi=(86)
cfn=(430)
calls=30110 37 
* 1174290
* 30110
* 150550
cfi=(88)
cfn=(452)
calls=30110 91 
* 1716270
* 30110
+1 60220
cob=(3)
cfi=(86)
cfn=(430)
calls=30110 37 
* 1174290
* 30110
* 150550
cfi=(88)
cfn=(452)
calls=30110 91 
* 1625940
179 120440
381 60220
-7 60220
cob=(3)
cfi=(86)
cfn=(430)
calls=30110 37 
* 1174509
* 30110
* 2
cob=(3)
cfi=(86)
cfn=(430)
calls=1 37 
* 152
cob=(1)
cfi=(52)
cfn=(260)
calls=1 30 
* 1312
* 5
* 60222
+11 4

fn=(418)
473 2
+2 2
cob=(3)
cfi=(61)
cfn=(316)
calls=1 3619 
* 192
* 1
* 1
+1 1
+2 2
cfn=(420)
calls=1 +15 
* 437
+2 1
+2 1
cfi=(84)
cfn=(422)
calls=1 14 
* 225
* 1
+1 2

fn=(456)
395 9
+7 3
192 5
408 2
+2 2
-8 255211563
192 425352605
408 170141042
+2 170141042
+3 227875900
+8 262584110
+1 262584110
+1 105033644
+2 105033644
192 97306520
+18 38922608
427 66111036
217 16200748
-38 97204488
429 33709540
244 21479450
431 25117760
298 10713327
+1 10713327
433 17975542
223 12564160
435 11693462
200 5492838
+1 7386690
437 6200624
258 1414834
134 2829668
cob=(3)
cfi=(61)
cfn=(316)
calls=1414834 3619 
* 132034430
* 1414834
* 1414834
+1 4244502
cob=(3)
cfi=(61)
cfn=(316)
calls=1414834 3619 
* 133008182
* 1414834
* 1414834
+1 1414834
+2 7074170
+1 4244502
-1 2829668
+1 21283668
-1 14189112
-52 2829668
cfi=(84)
cfn=(458)
calls=1414834 -65 
* 18392842
* 2829668
+1 2787572
cfi=(84)
cfn=(470)
calls=1393786 -53 
* 183979752
+1 1393786
+2 2787572
cob=(3)
cfi=(61)
cfn=(464)
calls=1393786 3702 
* 117078024
* 1393786
* 1393786
+4 63144
+50 4244502
42 28
+1 42
cob=(3)
cfi=(61)
cfn=(316)
calls=14 3619 
* 3129
* 14
* 14
+2 42
+1 70
-1 28
+1 98298
-1 65532
+4 28
cob=(3)
cfi=(61)
cfn=(464)
calls=14 3702 
* 1458
cob=(1)
cfi=(52)
cfn=(260)
calls=1 -19 
* 1281
* 18
+2 14
+96 42
260 28
147 4244460
260 2829640
+1 2829668
439 3370956
270 1410045
110 2820090
cob=(3)
cfi=(61)
cfn=(316)
calls=1410045 3619 
* 129760760
* 1410045
+2 1410045
+2 4230135
cfi=(84)
cfn=(468)
calls=1410045 -89 
* 197561576
+2 7050225
cob=(3)
cfi=(61)
cfn=(464)
calls=1410045 3702 
* 118443900
* 1410045
+1 4230135
cob=(3)
cfi=(61)
cfn=(464)
calls=1410045 3702 
* 118443780
* 1410045
+2 4230135
441 550866
237 851680
443 210194

ob=(2)
fl=(12)
fn=(274)
0 2
cob=(6)
cfi=(51)
cfn=(276)
calls=1 0 
0 6
0 1
cob=(6)
cfi=(51)
cfn=(282)
calls=1 0 
0 15
0 1
cob=(6)
cfi=(51)
cfn=(292)
calls=1 0 
0 12
0 2

fn=(546)
0 2
cob=(4)
cfi=(41)
cfn=(548)
calls=1 0 
0 1233
0 2

fn=(530)
0 2
cob=(6)
cfi=(51)
cfn=(532)
calls=1 0 
0 27
0 2

fn=(184)
0 2
cob=(4)
cfi=(41)
cfn=(186)
calls=1 0 
0 6

ob=(6)
fl=(59)
fn=(456)
230 419660
445 364
276 362
cob=(3)
cfi=(89)
cfn=(478)
calls=181 29 
* 15853
cob=(1)
cfi=(52)
cfn=(260)
calls=1 30 
* 1420
* 185
* 181
449 2
+11 9

fn=(520)
507 3
+3 3
+1 105245

ob=(2)
fl=(12)
fn=(184)
0 1
cob=(4)
cfi=(41)
cfn=(192)
calls=1 0 
0 16
0 1
cob=(4)
cfi=(41)
cfn=(202)
calls=1 0 
0 12
0 2

fn=(576)
0 2
cob=(5)
cfi=(50)
cfn=(578)
calls=1 0 
0 1496
0 2

fn=(230)
0 2
cob=(5)
cfi=(50)
cfn=(232)
calls=1 0 
0 6
0 1
cob=(5)
cfi=(50)
cfn=(238)
calls=1 0 
0 6
0 1
cob=(5)
cfi=(50)
cfn=(244)
calls=1 0 
0 11

ob=(6)
fl=(59)
fn=(520)
512 9580
cob=(3)
cfi=(61)
cfn=(464)
calls=4790 3702 
* 402897
* 4790
+1 14370
cob=(3)
cfi=(61)
cfn=(464)
calls=4790 3702 
* 402360
* 4790
-3 63147
+6 2
cob=(3)
cfi=(61)
cfn=(464)
calls=1 3702 
* 36
* 1
+2 1
+1 32518
cfi=(84)
cfn=(470)
calls=16259 34 
* 2146188

ob=(2)
fl=(12)
fn=(230)
0 2

ob=(6)
fl=(59)
fn=(520)
519 32518
cob=(3)
cfi=(61)
cfn=(464)
calls=16259 3702 
* 1365756
* 16259
-1 32520
cfi=(84)
cfn=(458)
calls=16260 21 
* 211380
* 32520
+3 2
cfi=(84)
cfn=(522)
calls=1 46 
* 126
+1 4

totals: 3762422645
