version: 1
creator: callgrind-3.9.0
pid: 30798
cmd:  ./um midmark.um
part: 1


desc: I1 cache: 
desc: D1 cache: 
desc: LL cache: 

desc: Timerange: Basic block 0 - 4867795974
desc: Trigger: Program termination

positions: line
events: Ir
summary: 30885698088


ob=(5) /lib64/libm-2.12.so
fl=(50) ???
fn=(238) 0x0000003a1bc03f10
0 6

fn=(670) 0x0000003a1bc03e90
0 10
cob=(3) /lib64/libc-2.12.so
cfi=(99) /usr/src/debug/glibc-2.12-2-gc4ccff1/stdlib/cxa_finalize.c
cfn=(652) __cxa_finalize
calls=1 31 
0 62
cob=(1) /lib64/ld-2.12.so
cfi=(52) /usr/src/debug////////glibc-2.12-2-gc4ccff1/elf/../sysdeps/x86_64/dl-trampoline.S
cfn=(260) _dl_runtime_resolve
calls=1 30 
0 1406
0 5
0 13

fn=(232) 0x0000003a1bc03e70
0 6

fn=(244) 0x0000003a1bc43f80
0 11

ob=(3)
fl=(38) /usr/src/debug////////glibc-2.12-2-gc4ccff1/string/../sysdeps/x86_64/multiarch/strcmp.S
fn=(166) strncasecmp
124 1
+1 1
+3 1
+1 1
+1 1
+5 1

fn=(162) strcasecmp
106 1
+1 1
+1 1
cfi=(39) /usr/src/debug/glibc-2.12-2-gc4ccff1/csu/../sysdeps/x86_64/multiarch/init-arch.c
cfn=(164) __init_cpu_features
calls=1 -55 
* 57
+2 1
+1 1
+1 1
+5 1

fl=(94) /usr/src/debug////////glibc-2.12-2-gc4ccff1/string/../sysdeps/x86_64/memcpy.S
fn=(530) memcpy
56 10
+2 10
+2 10
+3 6
+1 6
+11 6
+1 6
+11 6
+1 6
+11 6
+1 6
+2 6
+1 6
+2 6
+1 6
+5 6
+1 6
+23 6
+8 10
+6 10
+2 10
+1 10
+26 10
+1 10
+3 3
+1 3
+1 3
+5 14
+2 14
+1 14
+1 14
+1 14
+2 14
+1 14
+1 14
+1 14
+2 14
+1 14
+2 14
+2 14
+2 14
+1 14
+1 14
+1 14
+2 14
+1 14
+1 14
+1 14
+2 14
+1 14
+2 17
+5 3
+6 3
+1 3
+19 7
+1 7
+1 7
+5 7
+1 7
+4 7
+1 7
+2 8075
+1 7
+6 7
+1 7
+1 7
+3 4
+6 4
+1 4
+2 4
+13 3
+1 3
+1 3
+3 3
+1 3
+1 3
+1 3
+2 2
+2 2
+2 2
+2 2
+3 2
+1 2
+69 512
+2 512
+1 512
+1 512
+1 512
+1 512
+1 512
+1 512
+1 512
+2 512
+1 512
+2 512
+1 512
+1 512
+1 512
+1 512
+1 512
+1 512
+1 512
+2 512
+1 512
+2 512
+2 512
+2 512
+1 512
+1 512
+1 512
+1 512
+1 512
+1 512
+1 512
+2 512
+1 512
+2 512
+1 512
+1 512
+1 512
+1 512
+1 512
+1 512
+1 512
+2 512
+1 512
+2 512
+3 2
+2 2
+2 2
+2 2
+6 2
+1 2
+1 2
-2 1
+1 1
+1 1
+2 3
+6 3
+1 3

fl=(63) /usr/src/debug/glibc-2.12-2-gc4ccff1/malloc/arena.c
fn=(320) ptmalloc_init
467 12
+8 6
631 14
476 1
-66 1
+2 1
+1 1
+1 1
+1 1
cfi=(64) /usr/src/debug/glibc-2.12-2-gc4ccff1/misc/../sysdeps/unix/sysv/linux/getpagesize.c
cfn=(322) getpagesize
calls=1 35 
* 6
519 1
415 1
+96 1
-93 1
+1 1
+91 1
+1 1
+8 1
+8 2
+1 1
-3 1
+3 1
-1 1
+1 10
cfi=(66) /usr/src/debug/glibc-2.12-2-gc4ccff1/nptl/../nptl/sysdeps/unix/sysv/linux/register-atfork.c
cfn=(326) __linkin_atfork
calls=1 117 
* 9
+11 2
+2 5
+16 2
382 112
+16 56
-18 171
622 2
+5 2
+1 2
+2 2
521 5
cfi=(65) /usr/src/debug/glibc-2.12-2-gc4ccff1/elf/dl-addr.c
cfn=(324) _dl_addr
calls=1 127 
* 59448
-2 2
+2 1
-2 2
382 14

fl=(47) /usr/src/debug/glibc-2.12-2-gc4ccff1/elf/soinit.c
fn=(688) __libc_fini
19 1
+17 1
-17 2
+20 2

fn=(218) __libc_global_ctors
19 1
+7 1
-7 5
+1 1
cfi=(48) /usr/src/debug/glibc-2.12-2-gc4ccff1/string/../sysdeps/x86_64/cacheinfo.c
cfn=(220) init_cacheinfo
calls=1 538 
* 1996
-1 3
+10 2

fl=(46) /usr/src/debug////////glibc-2.12-2-gc4ccff1/string/../sysdeps/x86_64/strrchr.S
fn=(216) __GI_strrchr
26 1
+1 1
+1 1
+1 1
+1 1
+1 1
+1 1
+1 1
+1 1
+1 1
+1 1
+1 1
+1 1
+1 1
+1 1
+1 1
+1 1
+1 1
+1 1
+1 1
+1 1
+1 1
+1 1
+13 1
+1 1
+1 1
+1 1
+7 1
+1 1
+1 1
+1 1
+1 1
+1 1
+1 1

fl=(91) /usr/src/debug/glibc-2.12-2-gc4ccff1/libio/ioungetc.c
fn=(462) ungetc
37 30110
-3 90330
+3 60220
+2 451650
+1 90330
cfi=(70) /usr/src/debug/glibc-2.12-2-gc4ccff1/libio/genops.c
cfn=(464) _IO_sputbackc
calls=30110 727 
* 451650
fi=(81) /usr/src/debug/glibc-2.12-2-gc4ccff1/libio/libioP.h
968 30110
fe=(91)
40 30110
fi=(81)
968 30110
+1 331210
fe=(91)
43 90330

fl=(61) /usr/src/debug/glibc-2.12-2-gc4ccff1/malloc/malloc.c
fn=(316) malloc
3619 28248825
+5 11299530
+1 11299530
+3 11299528
+33 45198112
+3 16949292
cfn=(328) _int_malloc
calls=5649764 4280 
* 328353811
+1 5649764
-1 5649764
+1 5649764
+21 22599056
+4 33898584
-64 1
+64 4
-64 1
cfi=(62) /usr/src/debug/glibc-2.12-2-gc4ccff1/malloc/hooks.c
cfn=(318) malloc_hook_ini
calls=1 36 
* 60950

fn=(317) malloc'2
3619 5
+5 2
+1 2
+3 2
+33 8
+3 3
cfn=(328)
calls=1 4280 
* 1018
+1 1
-1 1
+1 1
+21 4
+4 6

fn=(428) calloc
4050 1
-13 1
+13 1
-3 1
+3 1
-13 6
+10 1
+3 2
+8 2
+1 2
+15 10
+7 1
+8 1
-7 2
+7 2
+7 3
cfn=(328)
calls=1 4280 
* 157
+6 1
-6 1
+6 1
+21 4
+5 1
-4 1
+4 2
+47 9
-36 1
-3 1
+3 4
+10 1
+1 2
+3 2
+7 1
-3 1
+1 1
+1 1
+1 1
-21 3

fn=(330) malloc_consolidate
5138 112
+22 28
+1 39
+2 13
+17 13
+2 26
+3 26
+4 26
-4 234
+4 334
+25 296
-1 296
+1 2664
+4 16827
+4 16827
-3 16827
+1 16827
+2 16827
+1 2263
+1 2263
+3 2263
+1 2263
+1 2263
-2 2263
+3 2263
-3 2263
+12 2263
-3 2263
+3 2263
-12 14564
+1 14564
+1 14564
-2 14564
+3 14564
-3 14564
+12 14564
-3 14564
+3 14565
-3 1
+3 1
-41 16828
-3 16828
+3 33656
+1 16828
+1 33656
+2 33656
+1 3290
+2 3290
-1 3290
+2 39653
+3 33656
+3 33654
+4 33062
+26 494
-7 1
+1 1
-1 3
2481 3
+5 3
+5 1
+2 1
-2 1
+2 1
5248 112
2482 1
5134 2
2482 3
-2 2
+2 378
-2 253
+10 3

fn=(328)
4280 50848011
+30 45198232
+8 11299558
+1 16949232
+1 5649744
+2 5649744
+4 11299488
-6 5586622
+9 11173244
-9 5586622
+9 16759866
+1 5586622
-1 5586622
+1 11173244
+5 27933110
4715 5601221
-1 5601221
+1 11202442
+75 50848011
4363 126314
+1 63148
+1 63148
-1 63148
+1 63148
-1 63148
+1 126296
+2 189444
+1 17504
+3 8751
+1 17502
+6 8751
+1 8751
+2 8751
-4 8751
+4 17502
+23 68
+1 27
+1 8
cfn=(330)
calls=2 5138 
* 339
* 4
4764 2
-2 2
+2 4
-2 2
+2 6
-2 2
+2 20
4448 2
4764 10
4425 2
4764 6
4433 2
4764 2
4448 2
4764 4
4425 2
4764 54404
-2 54404
+2 108808
-2 54404
+2 163212
-2 54404
+2 544040
4448 54404
4764 272020
4425 54404
4764 163212
4433 54404
4764 54404
4448 54404
4764 108808
4425 54404
4764 22
4425 11
+69 13698
+1 13698
+1 68490
-1 13698
+1 13698
-1 13698
+1 27396
+45 13698
+4 13698
-3 13698
-1 13698
+7 13698
-5 13698
+1 13698
+1 13698
+3 13698
-7 19
+4 19
-3 19
-1 19
+7 19
-5 19
+1 19
+1 19
+3 19
4425 204402
+3 21206
-2 21206
+1 84824
+8 21206
+10 84816
+35 14602
-5 14602
+1 14602
+4 14602
+13 27434
+6 126
+1 5
+1 5
+3 10
-5 40
+1 5
+1 5
+3 10
-5 161
+1 6
+1 6
+3 12
-5 21
+1 3
+1 3
+3 6
+34 76
-91 7972
-2 31840
+6 6604
+1 13208
+4 6604
-3 13208
+1 6604
+1 13208
+1 6604
+2 6232
+1 6232
+3 6232
+3 6232
-3 6232
+6 6232
-6 31160
+2 6232
-2 6232
+7 6232
-5 12464
+5 18696
-7 372
+3 372
-3 372
+6 372
-6 1860
+2 372
-2 372
+7 372
-5 744
+5 1116
+30 21
+58 140784
+71 46928
+4 46928
-4 46928
+2 46928
-1 46928
+3 46928
-2 46928
+2 46928
-1 46928
-2 46928
+3 46928
-1 46928
-2 93856
+8 231399
+2 503658
+2 503684
+2 136
+5 34
-5 68
+5 66
+1 32
+1 32
-2 64
+1 1978
+1 1978
-2 14658
+7 5385
+3 10770
+1 422
+1 422
+1 422
-2 1266
+60 422
+18 41965
+1 41965
-1 41965
+1 41965
+2 83930
+18 52
+1 55
cfn=(330)
calls=11 5138 
* 545815
+5 11
-3 44
+3 11
-3 11
4482 885
-1 885
+1 1770
+76 36
+3 27
4749 41939
+1 167816
4404 6
4665 4963
+8 9926
-8 4963
+5 9926
+3 39875
+3 9926
+13 1344
+1 2688
-6 1344
+17 1344
-6 1344
+1 1344
+2 1344
-1 1344
+4 1344
+1 1344
+1 2688
+2 18
+1 18
+2 18
+3 18
-3 108
+2 36
-2 18
+2 36
-2 1326
+3 1326
-3 7956
+2 2652
-2 1326
+2 2652
4404 38
-78 11173244
4678 3619
-1 3619
+1 10857
4404 6
-35 4
cfn=(330)
calls=1 5138 
* 670
* 3
+35 8
2992 30
+13 15
-13 15
+13 21
+14 10
+7 4
+83 39
3422 39
+1 13
+8 52
+4 26
-2 13
+2 26
-1 13
+1 26
+1 13
-1 13
+1 13
+2 13
-3 26
+1 13
4785 45
-41 83878
-2 41939
+2 83878
-1 41939
+1 83878
+2 41939
-2 41939
+2 41939
-2 83878
+2 83878
3076 26
+95 13
+19 13
-19 13
+8 13
-8 52
+19 65
+8 13
-8 13
+8 13
+1 65
cfi=(67) /usr/src/debug/glibc-2.12-2-gc4ccff1/malloc/morecore.c
cfn=(332) __default_morecore
calls=13 48 
* 613
+2 13
-2 13
+2 39
+2 26
+1 26
4786 26
3249 26
+1 1
+1 2
3086 1
3257 1
-6 1
+6 1
-6 24
3086 12
3257 12
-6 12
+6 36
+1 60
-32 2
+34 7
+42 5
+19 1
+7 2
-4 1
+4 1
-4 1
+1 4
+3 2
cfi=(67)
cfn=(332)
calls=1 48 
* 27
+12 4
+5 2
+1 2
4786 1
3365 1
-1 1
+1 3
+1 1
+11 2
-84 2
3028 16
cfi=(80) /usr/src/debug////////glibc-2.12-2-gc4ccff1/misc/../sysdeps/unix/syscall-template.S
cfn=(384) mmap
calls=2 82 
* 12
+2 6
+27 6
+5 10
+1 2
+2 2
+1 2
-1 2
+1 2
+1 2
+9 4

fn=(528) _int_free
4802 50847993
+15 5649777
-15 5649777
+15 11299554
+6 33898662
+17 11299554
+13 11299554
+11 5649744
+1 5649744
-1 11299488
+1 5649744
-1 11299488
+29 16949232
+3 16949232
+1 11299488
+1 5649744
+4 5649744
-4 5649744
+10 39548208
+9 22598976
+2 5649744
+2 33898464
+2 11299488
5117 45198032
4952 66
+2 132
+19 99
+6 33
-10 33
+10 33
+8 99
+7 66
-1 33
+1 66
+7 99
+4 66
+1 3
+2 3
-1 3
+2 30
+3 66
+5 66
+12 33
+1 33
+1 66
+7 33
-2 33
+1 33
+1 33
+2 7
+1 7
+2 7
+3 7
-2 7
+2 7
+1 7
-1 7
+31 14
-34 26
+3 26
-2 26
+2 26
+1 26
-1 26
+31 52
+1 2
+3 3
4963 184
+58 66
+62 5
+15 99
+2 92
+17 184
4981 33
-2 33
+2 66
-2 66

fn=(546) free
3702 11299532
+1 11299532
+5 11299532
+6 5649766
-3 5649766
+3 11299532
+15 16949292
+2 11299528
cfn=(528)
calls=5649764 4802 
* 389834445
-14 12
+4 2
+1 1
-1 1
+1 2
-5 2
3535 3
+1 1
+6 6
-7 3
+1 1
+6 6
+10 2
-3 2
+1 2
+2 2
cfi=(80)
cfn=(598) munmap
calls=2 82 
* 10

fn=(526) _int_realloc
5257 112
+22 14
-22 14
+21 14
+1 14
-1 14
+1 14
-1 28
+21 14
+1 14
+1 28
-1 14
+1 28
+7 14
+83 14
-83 14
+8 26
+11 26
+73 2
+2 2
+19 1
+73 98
-91 10
+1 2
-67 52
cfn=(328)
calls=13 4280 
* 2449
* 13
+1 52
+3 13
+1 13
+5 26
+11 13
+1 13
+2 26
+3 26
+4 3
+3 3
-3 3
+1 6
+1 6
+1 3
+1 2
+2 2
-2 2
+1 4
+1 2
+1 1
+2 1
-2 1
+1 2
+1 1
+1 2
+1 3
+7 4
cfn=(528)
calls=1 4802 
* 69
* 48
cfn=(528)
calls=12 4802 
* 1032
+5 26
-26 20
cfi=(94)
cfn=(530)
calls=10 56 
* 31292
* 10

fn=(522) realloc
3753 135
+7 30
+1 30
+4 28
+4 28
+5 14
-2 14
+2 28
+6 84
+7 112
+3 28
+19 39
+9 78
+8 65
cfn=(526)
calls=13 5257 
* 35725
* 13
+2 52
+4 39
+27 126
3568 1
+1 1
-1 1
+16 1
-3 4
+3 2
3796 2
3587 9
cfi=(80)
cfn=(578) mremap
calls=1 82 
* 6
+3 4
+2 1
+5 1
+3 1
-3 4
+3 1
+1 1
-1 1
+1 1
+1 2
3762 1
+97 7
-97 1
cfi=(62)
cfn=(524) realloc_hook_ini
calls=1 48 
* 150

fn=(523) realloc'2
3753 9
+7 2
+1 2
+4 2
+4 2
+5 1
-2 1
+2 2
+6 6
+7 8
+3 2
+19 3
+9 6
+8 5
cfn=(526)
calls=1 5257 
* 50
* 1
+2 4
+4 3
+27 9

fl=(83) /usr/src/debug/glibc-2.12-2-gc4ccff1/libio/rewind.c
fn=(414) rewind
34 1
+2 1
-2 1
+2 14
+1 5
cfi=(77) /usr/src/debug/glibc-2.12-2-gc4ccff1/libio/ioseekoff.c
cfn=(372) _IO_seekoff_unlocked
calls=1 +8 
* 117
+1 2
fi=(81)
968 1
fe=(83)
38 1
fi=(81)
968 1
+1 11
fe=(83)
40 2

fl=(97) /usr/src/debug/glibc-2.12-2-gc4ccff1/stdlib/exit.c
fn=(616) exit
99 5
-57 3
+36 3
-32 1
+32 1
-32 1
+32 3
-32 1
+32 1
-32 1
+3 2
+1 5
+33 1
+1 1
-1 1
+1 1
+7 6
cfi=(70)
cfn=(690) _IO_cleanup
calls=1 1007 
* 256
* 3
+2 2
cfi=(101) /usr/src/debug/glibc-2.12-2-gc4ccff1/posix/../sysdeps/unix/sysv/linux/_exit.c
cfn=(700) _Exit
calls=1 -64 
* 5
-19 1
+4 1
-4 2
+4 1
-2 2
+2 1
cob=(1)
cfi=(98) /usr/src/debug/glibc-2.12-2-gc4ccff1/elf/dl-fini.c
cfn=(618) _dl_fini
calls=1 +55 
* 3417
* 1

fl=(78) /usr/src/debug/glibc-2.12-2-gc4ccff1/libio/filedoalloc.c
fn=(378) _IO_file_doallocate
88 8
+15 12
cfi=(71) /usr/src/debug/glibc-2.12-2-gc4ccff1/libio/fileops.c
cfn=(380) _IO_file_stat
calls=2 1225 
* 28
* 4
+2 8
+11 3
+1 6
+3 12
cfi=(80)
cfn=(384)
calls=2 -38 
* 12
* 6
+1 8
cfi=(70)
cfn=(386) _IO_setb
calls=2 404 
* 34
* 2
+2 8
-13 1
fi=(102) /usr/src/debug/glibc-2.12-2-gc4ccff1/libio/../sysdeps/unix/sysv/linux/sys/sysmacros.h
-65 6
fe=(78)
+65 1
-2 2
+8 1
-3 1
+3 2

fl=(82) /usr/src/debug/glibc-2.12-2-gc4ccff1/libio/ioftell.c
fn=(406) ftell
37 1
+3 1
-3 1
+3 14
+1 5
cfi=(77)
cfn=(372)
calls=1 +4 
* 63
* 1
+1 5
fi=(81)
968 2
+1 6
fe=(82)
48 2
+16 3
fi=(81)
969 6
fe=(82)

fl=(73) /usr/src/debug////////glibc-2.12-2-gc4ccff1/io/../sysdeps/unix/syscall-template.S
fn=(574) write
82 14
cfn=(576) __write_nocancel
calls=7 * 
* 35

fn=(398) __read_nocancel
82 20

fn=(350) open
82 2
cfn=(352) __open_nocancel
calls=1 * 
* 5

fn=(576)
82 35

fn=(396) read
82 8
cfn=(398)
calls=4 * 
* 20

fn=(596) __close_nocancel
82 5

fn=(352)
82 5

fl=(101)
fn=(700)
29 2
+4 1
+2 2

fl=(54) /usr/src/debug/glibc-2.12-2-gc4ccff1/csu/libc-start.c
fn=(266) (below main)
96 7
+10 1
-10 3
+10 3
+52 1
-52 1
+52 1
+1 4
cfi=(55) /usr/src/debug/glibc-2.12-2-gc4ccff1/stdlib/cxa_atexit.c
cfn=(268) __cxa_atexit
calls=1 57 
* 60
+22 4
+3 2
+1 5
cob=(6) /h/sbrone01/Desktop/comp40/umOp/um
cfi=(51) ???
cfn=(272) __libc_csu_init
calls=1 0 
* 64
+4 4
+15 2
+9 2
cfi=(56) /usr/src/debug////////glibc-2.12-2-gc4ccff1/setjmp/../sysdeps/x86_64/bsd-_setjmp.S
cfn=(298) _setjmp
calls=1 34 
* 29
+1 2
+5 2
+1 2
+3 2
+3 5
cob=(6)
cfi=(59) /h/sbrone01/Desktop/comp40/umOp/um.c
cfn=(304) main
calls=1 13 
* 30885536833
+32 2
cfi=(97)
cfn=(616)
calls=1 99 
* 3729
106 2

fl=(49) /usr/src/debug/glibc-2.12-2-gc4ccff1/stdlib/bsearch.c
fn=(226) bsearch
27 104
+7 162
+2 54
+2 54
-2 54
+1 216
+1 108
cfi=(48)
cfn=(228) intel_02_known_compare
calls=54 152 
* 378
+1 108
+2 8
+1 8
-8 24
+14 72

fl=(69) /usr/src/debug/glibc-2.12-2-gc4ccff1/misc/../sysdeps/unix/sysv/linux/x86_64/brk.c
fn=(336) brk
29 14
+3 84
+2 42
+7 28

fl=(70)
fn=(690)
1007 1
+3 1
-3 4
+3 1
cfn=(692) _IO_flush_all_lockp
calls=1 823 
* 77
-59 1
+59 1
-59 2
+11 2
-9 12
+1 2
-1 7
+9 13
+7 5
+10 5
cfi=(71)
cfn=(694) _IO_file_setbuf@@GLIBC_2.2.5
calls=1 445 
* 78
+2 2
+6 3
-36 9
+71 7
-51 1
+4 1
-4 1
+2 1
+2 1
-2 1
+3 1
-2 1
+2 3
+6 12

fn=(386)
404 16
+1 4
-1 4
+1 12
+4 4
-2 4
+1 4
+1 4
+3 2
+1 8
-3 2
+3 8
-7 7
cfi=(80)
cfn=(598)
calls=1 82 
* 5
* 3

fn=(592) _IO_unsave_markers
1118 2
+19 2
+1 1

fn=(692)
823 2
+6 1
-6 6
+6 2
+6 1
-1 1
+2 2
-2 1
+2 3
+33 2
+4 9
-37 8
+6 2
-4 2
+4 5
-4 1
+4 2
+14 3
-2 3
+2 3
+7 6
-21 12

fn=(696) _IO_default_setbuf
562 5
+1 1
-1 2
+1 1
cfi=(71)
cfn=(698) _IO_file_sync@@GLIBC_2.2.5
calls=1 891 
* 13
* 2
+2 2
+2 1
+1 5
cfn=(386)
calls=1 404 
* 19
+7 3
+1 3
+2 6

fn=(344) _IO_link_in
104 8
+1 6
+4 1
-2 2
+2 5
+1 11
+1 1
+1 15
+4 1
+2 1
-4 1
+1 1
-1 1
+4 7
+2 1
-1 1
+1 9
+1 2
+3 8
-6 6

fn=(464)
727 30110
+4 30110
-4 30110
+3 60220
+1 60220
-1 60220
+10 30110
+3 60220
-10 30110
+1 60220

fn=(564) __overflow
246 543
+1 1
+1 3
cfi=(71)
cfn=(566) _IO_file_overflow@@GLIBC_2.2.5
calls=1 829 
* 162
* 540
cfi=(71)
cfn=(566)
calls=180 829 
* 6640

fn=(588) _IO_un_link
64 12
+1 6
+4 6
+1 11
+1 1
+1 15
+2 3
+2 2
+14 1
+2 8
+2 1
-1 1
+1 9
+1 2
+3 12
-6 6
-14 1
+2 1
-2 2

fn=(338) _IO_no_init
648 9
+1 1
cfn=(340) _IO_old_init
calls=1 -13 
* 24
+3 1
-2 1
+2 1
+2 1
+1 1
+1 1
+1 1
+1 1
+1 1
+1 1
+1 1
+1 1
+1 1
+1 1
+1 1
+2 1
+3 1
+1 6

fn=(340)
636 1
-21 1
+1 1
-1 1
+2 1
+1 1
+1 1
+17 1
-16 1
+1 1
+1 1
+1 1
+1 1
+1 1
+2 1
+1 1
+1 1
+1 1
+1 1
+5 1
+1 4

fn=(376) _IO_doallocbuf
419 2
+1 2
-1 2
+1 2
+6 4
-4 4
+1 6
cfi=(78)
cfn=(378)
calls=2 88 
* 165
* 4

fn=(454) _IO_switch_to_get_mode
188 6
-1 6
+1 3
+3 9
+5 3
-1 6
+1 3
+7 3
-4 3
+2 9
+2 3
+2 6

fn=(448) __uflow
368 3
+2 3
-2 3
+2 7
+6 9
+3 12
+2 9
+6 6
+5 6
+2 6
+1 3
-1 6
cfn=(450) _IO_default_uflow
calls=3 +46 
* 252
-24 4

fn=(450)
440 3
-1 6
+1 3
cfi=(71)
cfn=(452) _IO_file_underflow@@GLIBC_2.2.5
calls=3 +97 
* 220
+1 6
+2 8
+1 6

fn=(604) _IO_default_finish
687 2
+2 3
+6 3
+3 3
+6 1
+6 1
-6 1
cfn=(588)
calls=1 64 
* 10

fl=(80)
fn=(384)
82 20
+1 4

fn=(390) lseek
82 4
cfn=(392) __lseek_nocancel
calls=2 * 
* 10

fn=(598)
82 12
+1 3

fn=(392)
82 10

fn=(578)
82 5
+1 1

fl=(90) /usr/src/debug/glibc-2.12-2-gc4ccff1/libio/getc.c
fn=(446) getc
37 150551
+3 150551
-3 150551
+3 2107714
+1 903297
fi=(81)
968 301102
+1 1656061
fe=(90)
44 451653
-3 6
cfi=(70)
cfn=(448)
calls=3 368 
* 329
* 6

fl=(58) /usr/src/debug/glibc-2.12-2-gc4ccff1/setjmp/sigjmp.c
fn=(302) __sigjmp_save
30 1
-1 2
+1 2
+5 1
-5 1
+5 2

fl=(65)
fn=(324)
127 9
+5 1
-5 2
+5 2
cob=(1)
cfi=(2) /usr/src/debug/glibc-2.12-2-gc4ccff1/elf/rtld.c
cfn=(42) rtld_lock_default_lock_recursive
calls=1 836 
* 2
+3 5
+1 4
+1 16
31 2
+1 2
+3 3
+5 1
+6 1
-6 1
+1 3
+2 3
+3 1
+5 3
+74 1
-74 1
+74 4
-72 1
+19 1
-18 2
-1 1010
+19 1010
-18 2020
+2 3600
+14 1257
+2 3771
-10 2514
+1 1257
-1 4314
+1 900
-1 1800
+2 4314
-2 4314
+3 6462
-3 5538
+3 615
-3 1278
+3 16
-3 32
+3 599
-3 3355
+10 5325
-21 4042
+85 9
-36 2
+1 2
+1 2
+3 2
+41 2
cob=(1)
cfi=(2)
cfn=(44) rtld_lock_default_unlock_recursive
calls=1 842 
* 2
+3 9
-32 1
+1 3

fl=(42) /usr/src/debug/glibc-2.12-2-gc4ccff1/csu/../sysdeps/unix/sysv/linux/init-first.c
fn=(208) _init
52 6
+6 1
-6 2
+6 2
+17 1
fi=(44) /usr/src/debug/glibc-2.12-2-gc4ccff1/csu/../sysdeps/unix/sysv/linux/x86_64/init-first.c
-40 2
fe=(42)
+38 1
+1 1
fi=(44)
-41 2
fe=(42)
+42 1
fi=(44)
-42 3
+2 1
cfi=(43) /usr/src/debug/glibc-2.12-2-gc4ccff1/elf/../sysdeps/unix/sysv/linux/dl-vdso.c
cfn=(210) _dl_vdso_vsym
calls=1 -8 
* 8
+8 1
-5 2
+5 1
-5 1
+2 2
+1 1
+2 1
cfi=(43)
cfn=(210)
calls=1 -16 
* 8
fe=(42)
+46 3
fi=(44)
-45 2
+1 1
fe=(42)
+44 1
cfi=(45) /usr/src/debug/glibc-2.12-2-gc4ccff1/misc/init-misc.c
cfn=(214) __init_misc
calls=1 -58 
* 58
+8 1
cfi=(47)
cfn=(218)
calls=1 -78 
* 2009
+2 6
-32 1
-9 1
+9 4

fl=(45)
fn=(214)
31 3
+1 1
-1 1
+1 4
+2 3
cfi=(46)
cfn=(216)
calls=1 -8 
* 34
+1 2
+3 3
+1 3
+2 4

fl=(76) /usr/src/debug/glibc-2.12-2-gc4ccff1/libio/fseek.c
fn=(370) fseek
37 1
+3 1
-3 2
+3 14
+1 4
cfi=(77)
cfn=(372)
calls=1 +4 
* 263
* 3
fi=(81)
968 2
+1 11
fe=(76)
44 3

fl=(43)
fn=(210)
27 2
+1 4
+4 4
+14 2
+4 4

fl=(56)
fn=(298)
34 1
+2 1
cfi=(57) /usr/src/debug////////glibc-2.12-2-gc4ccff1/setjmp/../sysdeps/x86_64/setjmp.S
cfn=(300) __sigsetjmp
calls=1 -10 
* 27

fl=(57)
fn=(300)
26 1
+2 1
+1 2
+1 1
+4 1
+1 1
+1 1
+1 1
+1 1
+2 2
+2 1
+1 1
+2 2
+2 1
+9 1
cfi=(58)
cfn=(302)
calls=1 -26 
* 9

fl=(62)
fn=(318)
36 1
-1 2
+1 1
+1 1
cfi=(63)
cfn=(320)
calls=1 467 
* 59889
+1 1
+1 1
-1 1
cfi=(61)
cfn=(317)
calls=1 3619 
* 1053

fn=(524)
48 3
+1 1
-1 2
+1 1
+1 2
+1 1
cfi=(63)
cfn=(320)
calls=1 467 
* 16
+1 2
+1 3
-1 1
cfi=(61)
cfn=(523)
calls=1 3753 
* 118

fl=(66)
fn=(326)
117 1
+2 4
-1 3
+2 1

fl=(68) /usr/src/debug/glibc-2.12-2-gc4ccff1/misc/sbrk.c
fn=(334) sbrk
35 70
+8 95
+4 28
+4 52
+3 13
cfi=(69)
cfn=(336)
calls=13 -25 
* 156
-3 26
+7 84
-14 2
cfi=(69)
cfn=(336)
calls=1 -15 
* 12
* 4

fl=(67)
fn=(332)
48 14
+1 14
cfi=(68)
cfn=(334)
calls=14 -14 
* 542
+1 42
+3 28

fl=(96) /usr/src/debug/glibc-2.12-2-gc4ccff1/libio/iofclose.c
fn=(586) fclose@@GLIBC_2.2.5
43 3
+14 1
-14 1
+14 2
+3 16
+1 2
fi=(81)
968 2
+1 6
fe=(96)
66 4
cfi=(71)
cfn=(602) _IO_file_finish@@GLIBC_2.2.5
calls=1 205 
* 32
+1 3
+18 6
+2 1
+1 2
cfi=(61)
cfn=(546)
calls=1 3702 
* 114
* 1
+4 5
-10 2
-20 2
cfi=(71)
cfn=(590) _IO_file_close_it@@GLIBC_2.2.5
calls=1 162 
* 100
* 3
-4 1
cfi=(70)
cfn=(588)
calls=1 +6 
* 80
* 2
fi=(81)
969 6
fe=(96)

fl=(95) /usr/src/debug/glibc-2.12-2-gc4ccff1/libio/putchar.c
fn=(562) putchar
29 181
-2 362
+2 3077
+1 543
fi=(81)
968 362
+1 1991
fe=(95)
33 543
-3 543
cfi=(70)
cfn=(564)
calls=181 246 
* 7889
* 362

fl=(77)
fn=(372)
45 9
+1 6
+9 14
+16 9
+1 6
-1 3
cfi=(71)
cfn=(374) _IO_file_seekoff@@GLIBC_2.2.5
calls=3 957 
* 396

fl=(100) /usr/src/debug/glibc-2.12-2-gc4ccff1/nptl/../nptl/sysdeps/unix/sysv/linux/unregister-atfork.c
fn=(654) __unregister_atfork
37 2
-8 6
+11 4
+1 8
+5 2
-6 4
+82 4

fl=(64)
fn=(322)
35 5
+16 1

fl=(74) /usr/src/debug/glibc-2.12-2-gc4ccff1/string/../string/strstr.c
fn=(354) __GI_strstr
53 9
+10 3
+2 2
fi=(75) /usr/src/debug/glibc-2.12-2-gc4ccff1/string/../string/str-two-way.h
273 1
fe=(74)
89 9
-26 3

fl=(55)
fn=(270) __new_exitfn
73 1
+6 1
-6 1
+6 5
+2 5
+2 3
-2 1
+10 1
-10 3
+45 1
+1 1
+3 4
+3 3
-35 2
+14 1
+1 2

fn=(268)
57 2
-22 1
+22 5
-22 1
cfn=(270)
calls=1 +38 
* 35
+2 3
+4 2
+3 1
-1 1
+2 1
+2 2
+12 6

fl=(48)
fn=(222) handle_intel
307 4
+9 2
-9 16
+8 2
+1 4
+8 4
+5 2
-5 4
+5 2
+7 10
cfn=(224) intel_check_word
calls=2 163 
* 1564
+1 4
+3 10
cfn=(224)
calls=2 163 
* 194
+1 4
-10 2
+1 2
-1 4
+27 16

fn=(224)
163 44
+1 8
+8 4
-2 32
+14 20
+53 16
+36 40
-1 8
+1 8
cfi=(49)
cfn=(226)
calls=8 27 
* 1350
+2 16
+22 8
172 16
+2 10
+2 20
-4 2
302 32
196 10
+5 15
-5 2
+11 10
+23 3
-34 15
+5 6
+4 8
+2 10
+8 2
+2 4
+2 28
-12 3
-6 1
-5 1
+9 2
+2 4

fn=(220)
538 4
+13 3
+7 2
747 5
560 3
cfn=(222)
calls=1 307 
* 900
+4 2
-4 1
+4 1
cfn=(222)
calls=1 307 
* 950
+2 1
-2 1
+2 2
+29 1
-18 1
+18 3
+7 6
+6 2
-6 12
+6 6
+3 20
+2 1
+6 6
+7 1
-7 1
+38 2
+75 2
+3 2
+1 1
+1 1
-1 2
+4 2
+3 2
+1 1
+1 1
-1 3
-86 7
-1 3
-31 8
+2 2
+2 8
+2 4
+5 1
+2 2
+1 1
-1 1
+1 4
+1 1

fn=(228)
152 216
+3 108
+1 54

fl=(39)
fn=(164)
53 1
-8 1
+8 1
+3 1
-3 1
+3 3
+70 1
+1 1
+2 1
+1 2
-74 2
+9 1
-33 3
+6 1
-6 1
+6 1
-6 1
+7 1
+30 1
-30 1
-7 1
+37 1
-31 1
+27 2
-26 1
+30 1
+1 1
-38 1
+32 1
+6 1
+5 2
+3 1
+1 2
+11 2
+12 4
-23 9

fl=(71)
fn=(394) _IO_file_read
1200 4
+1 8
+2 4
+1 4
-1 4
cfi=(73)
cfn=(396)
calls=4 82 
* 28

fn=(590)
162 1
+2 1
-2 2
+2 1
-2 1
+2 1
+3 5
+6 2
cfi=(70)
cfn=(592)
calls=1 1118 
* 5
+2 3
cfn=(594) _IO_file_close
calls=1 1252 
* 7
* 1
+4 3
+9 5
cfi=(70)
cfn=(386)
calls=1 404 
* 34
+1 2
+3 1
-3 1
+1 3
+2 1
cfi=(70)
cfn=(588)
calls=1 64 
* 10
+5 1
-4 1
+1 1
+1 1
+2 1
+1 5

fn=(594)
1252 2
cfi=(73)
cfn=(596)
calls=1 82 
* 5

fn=(342) _IO_file_init@@GLIBC_2.2.5
147 3
+5 1
-1 1
-4 1
+4 1
+3 1
cfi=(70)
cfn=(344)
calls=1 -50 
* 77
+1 1
+1 4

fn=(380)
1225 3
+2 9
cfi=(79) /usr/src/debug/glibc-2.12-2-gc4ccff1/io/../sysdeps/unix/sysv/linux/wordsize-64/fxstat.c
cfn=(382) _fxstat
calls=3 37 
* 30

fn=(388) _IO_file_seek
1214 4
cfi=(80)
cfn=(390)
calls=2 82 
* 14

fn=(694)
445 2
+1 1
cfi=(70)
cfn=(696)
calls=1 562 
* 63
* 2
+4 1
-1 3
+2 3
+3 3

fn=(698)
891 1
+5 1
-5 1
+5 3
+2 1
+1 2
+17 2
+4 2

fn=(346) _IO_file_fopen@@GLIBC_2.2.5
257 9
+11 2
415 7
270 3
+25 1
-10 1
+10 1
-10 1
+10 16
-25 4
+65 1
227 2
+4 3
cfi=(73)
cfn=(350)
calls=1 82 
* 7
* 1
+4 2
+3 1
-1 1
+1 2
+1 2
-1 1
+1 1
+7 2
cfi=(70)
cfn=(344)
calls=1 104 
* 11
+97 3
cfi=(74)
cfn=(354)
calls=1 53 
* 27
* 1
+1 3
fi=(72) /usr/src/debug/glibc-2.12-2-gc4ccff1/libio/../iconv/gconv_charset.h
39 1
fe=(71)
288 2
+13 2

fn=(374)
957 24
+6 6
-6 6
+6 9
+3 10
+11 4
-11 5
+11 11
+4 6
+13 10
+45 2
+4 8
+1 1
-1 2
+3 1
+1 2
+1 2
+66 1
+3 21
-90 4
cfn=(380)
calls=1 1225 
* 14
* 2
+29 1
+4 4
+4 4
+1 2
-1 4
+2 2
-2 2
+1 2
+1 4
+5 8
cfn=(388)
calls=2 1214 
* 18
+1 2
-1 2
+1 2
+2 4
+4 8
cfn=(394)
calls=1 1200 
* 13
+3 3
-83 3
+1 3
+15 2
+15 2
+10 5
-12 4
+2 2
-65 1
-1 5
+21 3
+5 2
cfi=(70)
cfn=(376)
calls=1 419 
* 90
+1 4
+1 4
+93 2
+5 1
+3 1
+1 1
-1 1
+1 1
-4 5
+2 3
+3 1
-5 1
+3 1
+1 1
-1 1
+1 1
-4 5
+2 3
+3 1

fn=(452)
537 12
+8 9
+6 9
+3 6
+13 6
+20 6
cfi=(70)
cfn=(454)
calls=3 188 
* 60
+6 3
+5 12
-5 6
+1 3
+1 9
+3 3
cfn=(394)
calls=3 1200 
* 39
+2 6
+10 2
-3 2
+3 4
+1 4
+1 4
+1 8
-11 1
+1 1
+10 1
-6 1
+6 3

fn=(572) _IO_file_write@@GLIBC_2.2.5
1261 7
+2 7
-2 42
+2 7
-2 7
+2 14
+11 7
-11 14
+2 14
+3 28
cfi=(73)
cfn=(574)
calls=7 82 
* 49
+1 14
+9 21
+3 42
-6 21

fn=(570) _IO_do_write@@GLIBC_2.2.5
493 42
+1 7
-1 14
+1 14
+2 42
+11 21
+7 28
+8 35
cfn=(572)
calls=7 1261 
* 294
+1 7
-1 7
+1 14
+5 7
-2 7
+2 7
-2 21
+1 14
+1 7
-34 7
+34 7
-34 7
+29 14
+5 14

fn=(566)
829 905
+1 181
-1 181
+1 362
+7 1082
+35 362
+3 362
+3 181
+1 181
-1 362
+1 724
+5 181
+1 905
-45 2
+12 3
+9 2
+4 1
+4 1
-1 1
-5 1
+1 1
+4 1
-3 1
+1 1
+3 1
-3 2
+3 3
+1 3
+9 21
+3 7
-1 21
cfn=(570)
calls=7 493 
* 637
* 14
-39 2
cfi=(70)
cfn=(376)
calls=1 419 
* 101
+1 6

fn=(602)
205 1
+1 1
-1 1
+1 1
+6 2
+1 1
-1 1
cfi=(70)
cfn=(604)
calls=1 687 
* 24

fl=(60) /usr/src/debug/glibc-2.12-2-gc4ccff1/libio/../libio/iofopen.c
fn=(312) __fopen_internal
68 7
+8 1
-8 1
+8 1
cfi=(61)
cfn=(316)
calls=1 3619 
* 60965
* 1
+2 1
-2 1
+2 1
+3 1
+3 5
-3 1
+3 1
cfi=(70)
cfn=(338)
calls=1 648 
* 57
+4 1
+1 1
-1 1
+1 1
cfi=(71)
cfn=(342)
calls=1 +58 
* 90
+4 5
cfi=(71)
cfn=(346)
calls=1 257 
* 121
* 2
+2 1
+5 5
-5 1
cfn=(358) __fopen_maybe_mmap
calls=1 -50 
* 4

fn=(358)
45 1
-2 1
+2 1
+15 1

fn=(310) fopen@@GLIBC_2.2.5
107 2
cfn=(312)
calls=1 -39 
* 61277

fl=(79)
fn=(382)
37 3
-1 3
+1 3
+1 18
+4 3

fl=(99)
fn=(652)
31 4
+18 2
-18 2
+18 2
-18 10
+4 8
+4 12
-4 6
+32 8
+4 12
-4 6
+12 4
+3 2
-2 2
+2 12
-2 2
cfi=(100)
cfn=(654)
calls=2 -43 
* 30

ob=(1)
fl=(19) /usr/src/debug////////glibc-2.12-2-gc4ccff1/string/../sysdeps/x86_64/strchr.S
fn=(60) index
26 9
+1 9
+1 9
+1 9
+1 9
+1 9
+1 9
+1 9
+1 9
+1 9
+1 9
+1 9
+1 9
+1 9
+1 9
+1 9
+1 9
+1 9
+1 9
+1 9
+1 9
+2 10
+1 10
+1 10
+1 10
+1 10
+1 10
+1 10
+1 10
+1 10
+2 9
+1 9
+1 1
+1 1
+1 1
+1 1
+1 8
+1 9

fl=(28) /usr/src/debug////////glibc-2.12-2-gc4ccff1/string/../sysdeps/x86_64/memset.S
fn=(102) memset
44 12
+1 12
+1 12
+4 12
+1 12
+1 12
+1 12
+2 12
+1 12
+2 11
+5 11
+1 11
+1 11
+1 11
+1 11
329 1
+1 1
+1 1
+1 1
+1 1
+1 1
+1 1
+1 1
+1 1
+1 1
+1 1
+1 1
-8 1
+1 1
+1 1
+1 1
+1 1
+1 1
+1 1
+1 1
+1 1
-2 1
+1 1
+1 1
-1 2
+1 2
+67 1
+1 1
+1 1
+1 1
+1 1
+1 1
+1 1
+1 1
+1 1
+1 1
+1 1
-3 2
+1 2
+1 2
+1 2
-2 2
+1 2
+1 2
-1 2
+1 2
+87 1
+1 1
+1 1
+1 1
+1 1
+1 1
+1 1
+5 1
+1 1
+1 1
+1 1
+1 1
+36 1
+1 1
+37 1
1214 1
+1 2
+4 1
+1 1
+1 2
+5 1
+2 1
+1 1
+1 1
+1 1
+1 1
+1 1
+1 1
+1 1
+1 1
+1 1
+1 1
+1 1
+1 1
+1 1
+1 1
+1 1
+2 1
+2 1
-21 3
+2 3
+1 3
+1 3
+1 3
+1 3
+1 3
+1 3
+1 3
+1 3
+1 3
+1 3
+1 3
+1 3
+1 3
+1 3
+1 3
+2 3
+2 3
+3 1
+1 1
+6 1
+1 1
+1 1
+1 1
+1 1

fl=(11) /usr/src/debug/glibc-2.12-2-gc4ccff1/elf/dl-object.c
fn=(24) _dl_new_object
62 36
+2 4
-2 16
+2 4
cfi=(8) /usr/src/debug////////glibc-2.12-2-gc4ccff1/string/../sysdeps/x86_64/rtld-strlen.S
cfn=(14) strlen
calls=4 -35 
* 215
+6 4
-6 4
+7 8
+6 16
cfi=(13) /usr/src/debug/glibc-2.12-2-gc4ccff1/elf/dl-minimal.c
cfn=(28) calloc
calls=4 +34 
* 187
* 4
+3 4
-3 4
+3 8
+4 4
+5 4
-6 4
+4 4
+2 4
-5 4
+3 4
+2 8
cfi=(14) /usr/src/debug////////glibc-2.12-2-gc4ccff1/string/../sysdeps/x86_64/memcpy.S
cfn=(38) memcpy
calls=4 -33 
* 124
+2 4
-2 4
+5 4
-1 4
-2 4
+3 16
+3 4
-3 4
+3 4
+9 4
-7 4
+4 4
+3 4
-46 5
+48 2
-2 2
+2 30
-2 30
+18 8
-6 4
+6 4
-5 4
+5 4
-6 4
+6 16
+2 12
+3 9
+4 9
+4 18
+8 1
+6 1
-3 2
+3 5
-3 6
+3 6
+2 6
cfi=(8)
cfn=(14)
calls=3 29 
* 162
* 3
+4 3
-4 3
+4 3
+64 3
+7 36
70 8
+1 32
+66 4
-39 8
223 6
-86 1
-4 1
+4 2
+24 6
cfi=(13)
cfn=(32) malloc
calls=3 -66 
* 87
* 3
+1 3
-1 3
+1 9
+45 9
cfi=(14)
cfn=(58) mempcpy
calls=3 56 
* 111
* 3
+6 100
-1 50
+1 53
-1 3
+1 3
+2 6
+3 6

fn=(40) _dl_add_to_namespace_list
33 16
+2 4
-2 4
+2 4
cfi=(2)
cfn=(42)
calls=4 836 
* 8
+2 27
+3 36
+2 3
+2 3
+4 3
+4 3
-4 6
+1 6
+3 3
-2 3
+3 9
-1 3
cfi=(2)
cfn=(44)
calls=3 842 
* 6
-4 1
+4 1
-4 2
+1 2
+3 1
-2 1
+3 3
-1 1
cfi=(2)
cfn=(44)
calls=1 842 
* 2
-5 2

fl=(35) /usr/src/debug/glibc-2.12-2-gc4ccff1/elf/dl-reloc.c
fn=(148) _dl_relocate_object
158 30
+10 10
-10 15
+14 5
-14 10
+14 5
+1 25
+6 10
+6 15
+4 10
+8 15
+45 5
fi=(7) /usr/src/debug/glibc-2.12-2-gc4ccff1/elf/../sysdeps/x86_64/dl-machine.h
96 10
fe=(35)
242 10
fi=(7)
96 5
+39 6
fe=(35)
268 127
fi=(36) /usr/src/debug/glibc-2.12-2-gc4ccff1/elf/do-rel.h
57 3
+1 3
+1 3
fe=(35)
268 3
156 3
fi=(36)
-91 3
fe=(35)
+91 3
fi=(7)
295 3
fe=(35)
-27 3
fi=(7)
+27 3
fi=(36)
65 3
fe=(35)
268 2
fi=(36)
57 2
+1 2
+1 2
fe=(35)
268 2
156 2
fi=(36)
-91 2
fe=(35)
+91 2
fi=(7)
295 2
fe=(35)
-27 2
fi=(7)
+27 2
fi=(36)
65 2
+3 13
fi=(7)
476 3
-1 6
+4 6
-3 38
-1 76
+4 76
+2 123
+1 30
fi=(36)
68 123
fe=(35)
268 35
fi=(36)
59 5
fe=(35)
268 30
fi=(36)
65 5
fe=(35)
268 5
fi=(36)
57 5
+1 5
+7 5
+10 5
+2 5
-2 10
+1 5
+1 42
+14 4
-12 4
+12 9
-12 1
+12 2
+10 14
+10 12
+4 4
+2 4
-2 4
+2 4
fi=(7)
296 12
fi=(36)
119 8
+1 4
+2 8
-2 4
-1 4
fi=(7)
267 4
fi=(36)
119 4
fi=(7)
270 4
fi=(36)
119 4
+1 12
fi=(7)
270 4
fi=(36)
119 230
+1 115
+2 230
-2 115
-1 115
fi=(7)
267 115
fi=(36)
119 115
fi=(7)
270 115
fi=(36)
119 115
+1 345
fi=(7)
270 115
+18 238
+7 2542
fi=(36)
120 180
fi=(7)
295 270
fi=(36)
120 90
fi=(7)
295 399
fi=(36)
120 26
fi=(7)
295 39
fi=(36)
120 13
fi=(7)
295 1288
cfi=(4) /usr/src/debug/glibc-2.12-2-gc4ccff1/elf/dl-lookup.c
cfn=(154) _dl_lookup_symbol_x
calls=103 724 
* 110002
* 412
+1 357
+4 115
-4 230
+4 115
-1 230
+10 238
fe=(35)
-38 15
+28 5
+3 10
+13 10
+1 6
cfn=(168) _dl_protect_relro
calls=3 +8 
* 72
* 3
+1 40
fi=(7)
135 6
-39 6
+6 6
+4 9
+13 3
-8 3
+8 6
+13 3
+3 3
-3 3
+3 9
fe=(35)
+50 15
+83 18
fi=(36)
117 7
fi=(7)
309 476
+85 104
fi=(36)
117 208
fi=(7)
394 104
fi=(36)
117 107
fi=(7)
377 30
+4 30
+5 20
fi=(36)
117 10
fi=(7)
386 20
fi=(36)
117 20
fi=(7)
327 2
+1 1
fi=(36)
117 1
fi=(7)
328 1
fi=(36)
117 2
fi=(7)
448 4
fi=(36)
117 2
fi=(7)
448 2
cob=(3)
cfi=(38)
cfn=(166)
calls=1 124 
* 6
cob=(3)
cfi=(38)
cfn=(162)
calls=1 106 
* 64
+1 2
fi=(36)
117 4
fi=(7)
430 6
+4 10
cfi=(14)
cfn=(38)
calls=2 56 
* 36
+2 10
295 26
fi=(36)
104 5
fi=(7)
467 3
fi=(36)
104 2
fi=(7)
467 1
fi=(36)
104 1
+7 3
+16 5
+1 2
+1 2
-1 1
fi=(7)
267 1
fi=(36)
128 1
fi=(7)
270 1
fi=(36)
128 3
fi=(7)
270 1
fi=(36)
128 8
+1 8
-1 4
fi=(7)
267 4
fi=(36)
128 4
fi=(7)
270 4
fi=(36)
128 12
fi=(7)
270 4
+18 10
+7 195
cfi=(4)
cfn=(154)
calls=5 724 
* 5649
* 20
+1 15
+4 1
-4 2
+4 1
-1 2
+10 30
108 2
+1 3
394 15
fi=(36)
127 16
fi=(7)
484 55
295 95
fe=(35)

fn=(168)
324 3
-2 6
+1 6
+1 9
+2 6
+2 6
+1 9
cfi=(27) /usr/src/debug////////glibc-2.12-2-gc4ccff1/misc/../sysdeps/unix/syscall-template.S
cfn=(100) mprotect
calls=3 82 
* 15
-1 6
+7 6

fl=(30) /usr/src/debug/glibc-2.12-2-gc4ccff1/io/../sysdeps/unix/sysv/linux/wordsize-64/xstat.c
fn=(116) _xstat
37 8
-1 8
+1 8
+1 48
+4 2
-4 24

fl=(23) /usr/src/debug////////glibc-2.12-2-gc4ccff1/setjmp/../sysdeps/x86_64/setjmp.S
fn=(78) __sigsetjmp
26 5
+2 5
+1 10
+1 5
+4 5
+1 5
+1 5
+1 5
+1 5
+2 10
+2 5
+1 5
+2 10
+2 5
+4 5
+1 5

fl=(98)
fn=(620) _dl_sort_fini
34 9
+2 1
-2 3
+2 1
+5 1
+1 1
-1 2
+1 1
+1 1
-1 5
+1 3
cfi=(28)
cfn=(102)
calls=1 +1 
* 19
+15 4
+24 4
+38 4
+3 24
cfi=(28)
cfn=(102)
calls=3 -79 
* 52
* 6
-80 3
+4 3
+1 3
-1 3
+1 3
+4 9
-5 1
+1 1
-1 1
+1 1
+4 11
+6 4
+1 11
+2 12
+1 6
-1 12
+1 9
+3 18
-1 27
+31 18
+21 6
-57 12
+61 12
+3 1
+4 8

fn=(618)
133 11
+22 9
+3 2
cfi=(2)
cfn=(42)
calls=1 836 
* 2
+3 1
+3 2
+2 5
-2 2
+13 5
+16 4
+2 10
+4 10
+1 5
+5 5
-4 5
-2 5
-6 16
+19 4
cfn=(620)
calls=1 34 
* 336
+9 2
cfi=(2)
cfn=(44)
calls=1 842 
* 2
+4 6
+2 2
+2 3
-2 8
+2 12
+3 10
+3 15
+4 2
+7 8
+4 4
+2 3
+1 4
+1 4
cob=(3)
cfi=(47)
cfn=(688)
calls=1 19 
* 6
-1 4
+5 12
+1 9
cob=(2) ???
cfi=(12) ???
cfn=(668) 0x0000003a1bc43fb8
calls=1 0 
* 1500
cob=(2)
cfi=(12)
cfn=(638) 0x00000000048017d8
calls=1 0 
* 1237
cob=(2)
cfi=(12)
cfn=(622) 0x00000000004060e8
calls=1 0 
* 31
+5 25
-39 5
+55 5
-55 15
-70 2
+70 1
-70 1
285 6
+6 2
+7 8
-63 8
+4 6
-60 2
+3 8

fl=(10) /usr/src/debug/glibc-2.12-2-gc4ccff1/elf/dl-environ.c
fn=(22) _dl_next_ld_env_entry
31 3
+3 11
+2 112
+11 54
-13 163
+17 1
-15 18
+6 2
-3 2
+3 2
+2 2

fl=(53) /usr/src/debug/glibc-2.12-2-gc4ccff1/elf/../elf/dl-runtime.c
fn=(262) _dl_fixup
73 15
+6 30
-6 15
+6 15
-6 45
+6 15
+1 15
-4 15
+5 15
-2 15
-3 15
+4 15
+1 15
-1 60
+10 30
+4 45
+5 84
+1 42
+8 60
+7 30
+3 150
cfi=(4)
cfn=(154)
calls=15 724 
* 18327
* 15
+4 45
+4 60
+6 105
+8 15
+7 60
+4 45
fi=(7)
+85 15
fe=(53)
-81 90
-55 2

fl=(6) /usr/src/debug/glibc-2.12-2-gc4ccff1/elf/../sysdeps/unix/sysv/linux/x86_64/brk.c
fn=(10) brk
29 1
+3 4
+2 2
-2 1
+2 1
+7 2

fl=(25) /usr/src/debug////////glibc-2.12-2-gc4ccff1/io/../sysdeps/unix/syscall-template.S
fn=(106) close
82 16
+1 4

fn=(90) open
82 56
+1 14
+1 60

fn=(108) access
82 4
+1 1
+1 6

fn=(92) read
82 12
+1 3

fl=(4)
fn=(156) do_lookup_x
83 1107
+1 123
-6 123
+5 369
-5 1107
+12 123
231 123
+3 123
+39 123
-42 123
+3 123
99 123
-3 123
+1 123
+2 123
+3 123
-3 123
+3 123
-3 355
-3 355
+1 355
+2 355
+3 355
-3 355
+3 355
+4 972
+4 952
+4 952
+7 1428
+4 476
+1 476
227 476
125 952
+1 952
227 476
+1 952
+4 241
+3 241
-3 482
+3 723
+1 241
+3 482
-1 482
+1 241
-1 482
+21 135
+24 722
470 1083
+1 315
-1 873
+4 1097
+4 984
288 856
+4 278
+13 115
+1 115
-1 115
+1 345
+1 115
471 360
cfi=(24) /usr/src/debug/glibc-2.12-2-gc4ccff1/elf/dl-misc.c
cfn=(84) _dl_name_match_p
calls=72 301 
* 3256
-1 360
263 940
+6 2350
+4 5096
cfn=(160) check_match.12439
calls=637 133 
* 22303
+1 3185
-3 3140
-2 2630
-27 702
+1 234
+2 798
+10 277
-7 1005
+2 212
+1 106
-1 106
+1 424
-1 318
+1 424
cfn=(160)
calls=106 133 
* 16782
+1 1128
fi=(37) /usr/src/debug/glibc-2.12-2-gc4ccff1/elf/../sysdeps/generic/dl-hash.h
30 123
+2 492
+3 123
-1 123
+1 369
+2 369
+1 492
+2 369
+1 492
+2 369
+1 492
+2 460
+1 2988
+3 3524
+1 1762
+13 881
+1 2643
-18 115
fe=(4)
264 246

fn=(154)
724 369
485 123
724 738
485 123
724 615
485 615
+1 246
-1 123
+1 369
-1 369
+1 2730
-1 1365
+1 4095
-1 4341
730 123
+9 123
-13 246
+1 246
+12 492
+6 1107
+8 16
-8 40
+2 1845
cfn=(156)
calls=123 83 
* 109308
+3 246
-5 123
+33 246
+23 345
+1 230
-1 460
+39 230
-3 230
+14 345
+3 345
1023 115
859 115
+1 115
+1 984
-81 56
+17 16
+1 8
+54 2

fn=(6) _dl_setup_hash
873 15
+5 3
+3 6
+2 3
-1 3
+4 3
+4 6
-4 3
+1 6
+2 3
+1 3
+2 3
+2 9
-7 3
+7 6
+1 3
+3 6
+2 2
+2 2
+1 2
+1 2
+2 2
-4 2
+4 4

fn=(160)
133 4458
+1 1486
+2 1486
+2 1197
-2 798
+12 1197
+3 798
+5 115
-1 115
+1 115
-1 115
+1 115
+2 216
+19 216
+1 540
+1 108
-1 216
+1 324
cfi=(15) /usr/src/debug////////glibc-2.12-2-gc4ccff1/string/../sysdeps/x86_64/strcmp.S
cfn=(46) strcmp
calls=108 -44 
* 9316
-1 216
+46 5201
-73 1590
cfi=(15)
cfn=(46)
calls=318 -16 
* 5353
* 954
+64 568
-9 14
+2 14
+1 14
-1 56
-72 1486
+79 688

fl=(14)
fn=(58)
56 32
+4 32
+3 32
+1 32
+2 14
+1 14
+2 14
+1 14
+5 14
+1 14
-1 18
+1 18
+2 20
+1 20
+2 20
+1 20
+5 20
+1 20
-1 12
+1 12
+2 11
+1 11
+2 11
+1 11
+5 11
+1 11
-1 21
+1 21
+2 18
+1 18
+2 18
+1 36
+5 18
+1 18
-1 14
+1 17
+5 3
+1 3
+1 3
+1 3
+2 3
+2 3
+1 3
+2 3
+6 32
+4 32
+12 1
+2 1
+1 1
+26 1
+1 1
+3 1
+1 1
+1 1
+5 1
+2 1
+1 1
+1 1
+1 1
+2 1
+1 1
+1 1
+1 1
+2 1
+1 1
+2 1
+2 1
+2 1
+1 1
+1 1
+1 1
+2 1
+1 1
+1 1
+1 1
+2 1
+1 1
+2 2
+5 1
+2 1

fn=(38)
56 18
+2 18
+2 18
+3 18
+1 18
+2 5
+1 5
+2 5
+1 5
+5 5
+1 5
-1 13
+1 13
+2 5
+1 5
+2 5
+1 10
+5 5
+1 5
-1 13
+1 13
+2 1
+1 1
+2 1
+1 1
+5 1
+1 1
-1 17
+1 17
+2 8
+1 8
+2 8
+1 8
+5 8
+1 8
-1 10
+1 17
+5 7
+1 7
+1 7
+1 7
+2 7
+2 7
+1 7
+2 7
+8 18
+8 4
+6 4
+2 4
+1 4
+3 1
+1 2
+5 1
+1 1
+2 1
+2 1
+1 1
+2 2
+9 1
+1 1
-1 3
+1 3
+3 4
+1 4
+1 4
+5 4
+2 4
+1 4
+1 4
+1 4
+2 4
+1 4
+1 4
+1 4
+2 4
+1 4
+2 4
+2 3
+2 3
+1 3
+1 3
+1 3
+2 3
+1 3
+1 3
+1 3
+2 3
+1 3
+2 6
+5 3
+6 3
+1 3
-7 1
+6 1
+1 1

fl=(9) /usr/src/debug/glibc-2.12-2-gc4ccff1/elf/../misc/sbrk.c
fn=(16) sbrk
35 3
+8 1
-8 1
+8 5
+4 2
+11 5

fl=(26) /usr/src/debug/glibc-2.12-2-gc4ccff1/io/../sysdeps/unix/sysv/linux/wordsize-64/fxstat.c
fn=(96) _fxstat
37 4
-1 4
+1 4
+1 24
+4 4

fl=(40) /usr/src/debug/glibc-2.12-2-gc4ccff1/elf/dl-init.c
fn=(182) _dl_init
93 11
+5 1
-4 1
+1 1
+3 2
+7 2
+27 2
+1 12
+1 5
-1 5
+1 10
-97 15
+9 4
-3 8
+3 12
+5 9
+5 4
+8 4
+6 12
cob=(2)
cfi=(12)
cfn=(230) 0x0000003a1bc03d90
calls=1 -70 
* 29
cob=(3)
cfi=(42)
cfn=(208)
calls=1 -18 
* 2135
+4 2
+1 4
+65 8
-89 2
-5 4
-9 3
+9 1
-3 2
+3 3
+5 3
+5 2
+8 2
+6 7
cob=(2)
cfi=(12)
cfn=(184) 0x00000000048014d0
calls=1 -70 
* 40
* 1
+4 1
+1 2
+26 2

fl=(18) /usr/src/debug/glibc-2.12-2-gc4ccff1/elf/dl-load.c
fn=(94) _dl_map_object_from_fd
836 36
+11 3
-11 3
+11 3
-11 3
+11 3
cfi=(20) /usr/src/debug/glibc-2.12-2-gc4ccff1/elf/dl-debug.c
cfn=(66) _dl_debug_initialize
calls=3 52 
* 27
+4 9
-4 3
+4 3
cfi=(26)
cfn=(96)
calls=3 37 
* 30
* 6
+11 21
+1 9
-1 27
+1 36
+17 6
+25 6
+10 6
+22 15
+35 21
cfi=(11)
cfn=(24)
calls=3 62 
* 1406
+1 3
-1 3
+1 3
-54 3
+65 3
-65 3
+65 3
+1 3
+4 3
-4 3
+1 6
+2 12
+1 9
+1 6
+22 3
+8 3
-25 3
+17 3
+8 6
-8 12
+8 6
-8 3
+8 6
-8 3
+8 6
+99 6
-47 3
+47 9
-47 3
+47 9
-98 40
+6 9
+1 12
-8 192
+1 132
+70 3
+4 1
+1 2
+1 3
+4 2
+3 2
+7 2
-3 2
+6 1
cfi=(21) /usr/src/debug/glibc-2.12-2-gc4ccff1/elf/dl-tls.c
cfn=(128) _dl_next_tls_modid
calls=1 57 
* 6
* 3
+1 1
+58 6
+1 6
-5 6
+1 3
1038 30
+6 12
+1 6
-1 24
+7 18
+11 6
+1 6
-1 6
+1 6
-1 12
+1 6
+1 42
+2 18
+1 18
+1 18
+4 6
-4 6
+4 15
+5 27
+11 3
-11 27
+11 3
-56 6
+1 2
+67 4
+78 12
985 3
1191 6
985 3
1191 12
+2 3
-2 3
+2 3
+19 24
cfi=(27)
cfn=(98) mmap
calls=3 82 
* 18
+4 3
-4 3
+4 6
+7 9
+1 3
+2 3
-2 3
+2 3
+10 6
+35 18
+3 6
+7 24
+6 3
+2 3
-2 3
+1 3
+2 6
-1 12
+8 6
+3 6
+11 24
cfi=(28)
cfn=(102)
calls=3 44 
* 167
+1 18
+5 6
+15 6
-73 30
+4 6
-2 6
+2 30
cfi=(27)
cfn=(98)
calls=3 82 
* 18
-2 6
+11 6
+2 3
-2 3
+2 3
+2 3
-2 3
+2 2
+1 1
-1 2
+1 4
-3 2
+5 4
+57 3
-77 3
+77 6
+9 3
fi=(3) /usr/src/debug/glibc-2.12-2-gc4ccff1/elf/dynamic-link.h
113 3
fe=(18)
1345 3
fi=(3)
113 3
+6 3
-2 3
+2 6
+7 3
+5 3
+3 3
+1 3
-3 3
-5 6
-1 84
+1 45
+10 15
-18 45
+18 6
-18 18
+2 140
+8 49
+8 49
-18 147
+25 9
+20 4
+1 4
+1 4
+1 4
+2 4
+5 4
+1 3
+1 3
+35 9
+5 1
+2 1
-2 2
+2 1
+2 2
+2 2
+1 1
+2 9
+2 4
+2 4
+1 1
+2 6
fe=(18)
1351 9
+16 9
+19 6
+2 15
+51 9
+1 2
+3 2
cfi=(25)
cfn=(106)
calls=1 82 
* 5
* 4
cfi=(25)
cfn=(106)
calls=2 82 
* 10
* 6
+8 6
+3 6
+2 3
-2 3
+2 3
+16 6
cfi=(4)
cfn=(6)
calls=3 873 
* 62
+4 12
+18 6
+4 3
+5 3
-5 3
+1 6
+4 3
+6 9
cfi=(11)
cfn=(40)
calls=3 33 
* 132
+5 3
-1 6
+20 27
1232 21
cfi=(27)
cfn=(100)
calls=3 82 
* 15
* 3
1495 2
1321 8
cfi=(27)
cfn=(98)
calls=1 82 
* 6
+3 2
fi=(3)
128 24
+3 24
+1 16
+2 8
+1 8
fe=(18)

fn=(126) local_strdup
161 8
+1 2
cfi=(8)
cfn=(14)
calls=2 29 
* 138
* 2
+1 4
cfi=(13)
cfn=(32)
calls=2 -68 
* 58
* 2
+2 4
+3 4
+1 4
-1 2
+1 2
-1 2
cfi=(14)
cfn=(38)
calls=2 56 
* 54

fn=(86) expand_dynamic_string_token
317 8
+10 1
-10 1
+10 1
-10 1
+10 1
cfi=(19)
cfn=(60)
calls=1 26 
* 61
* 2
162 2
cfi=(8)
cfn=(14)
calls=1 29 
* 94
* 1
+1 2
cfi=(13)
cfn=(32)
calls=1 -68 
* 29
* 1
+2 2
+3 2
342 3
168 1
342 4
168 1
cfi=(14)
cfn=(38)
calls=1 56 
* 60

fn=(82) _dl_map_object
1984 5
+11 5
-11 10
+11 5
-11 5
+11 5
-11 35
+11 5
-11 10
+11 10
+12 28
-12 42
+5 80
+3 48
cfi=(24)
cfn=(84)
calls=16 301 
* 977
* 32
2273 45
2027 3
-1 6
+10 3
-1 6
+26 6
-2 3
+2 3
cfi=(19)
cfn=(60)
calls=3 26 
* 87
* 6
2202 2
+1 4
cfn=(86)
calls=1 317 
* 278
+2 1
-3 1
+3 1
+4 9
cfn=(88) open_verify
calls=1 1581 
* 162
+3 1
-3 1
+3 1
+11 9
+3 6
+44 3
+1 21
-1 3
+1 9
cfn=(94)
calls=3 836 
* 4412
* 6
2026 6
+39 4
cfi=(8)
cfn=(14)
calls=2 29 
* 111
* 2
+2 2
-2 2
+2 2
+7 8
+35 6
+1 30
cfn=(114) open_path
calls=2 1835 
* 1934
+6 2
-6 2
+6 2
+80 4
-80 4
610 6
2123 8
+6 4
cfi=(31) /usr/src/debug/glibc-2.12-2-gc4ccff1/elf/dl-cache.c
cfn=(118) _dl_load_cache_lookup
calls=2 183 
* 2871
+2 2
-2 2
+2 2
+4 6
+9 4
+27 18
cfn=(88)
calls=2 1581 
* 678
+3 4
+2 6
cfn=(126)
calls=2 161 
* 286
+1 2
-1 2
+1 4
-94 2
-5 4
+5 2
+3 4
-3 2
+3 4
-3 2
+3 20
-3 6
610 6
2084 6
+14 10
+2 6
-2 4
610 6
2008 14
-1 28
+4 6
+2 6
-2 12
+2 18
cfi=(15)
cfn=(46)
calls=6 135 
* 105
* 18

fn=(62) fillin_rpath
387 16
+4 3
cfi=(13)
cfn=(64) strsep
calls=1 -66 
* 286
* 6
cfi=(13)
cfn=(64)
calls=2 -66 
* 244
* 9
+3 4
cfi=(8)
cfn=(14)
calls=2 29 
* 89
+4 2
-4 2
+4 2
+15 4
+29 21
+1 10
-38 8
+5 6
+51 6
+3 8
cfi=(13)
cfn=(32)
calls=2 95 
* 58
* 2
+3 2
-3 2
+3 2
+4 2
+2 6
-2 4
+2 2
cfi=(14)
cfn=(58)
calls=2 56 
* 58
* 2
+3 2
-2 4
+2 2
+1 1
+5 2
+1 1
-1 2
+1 2
-1 2
+1 1
-1 2
+1 26
+1 1
-1 3
+1 1
-1 20
-98 2
+98 3
+1 11
-1 6
+4 2
-1 4
+1 2
+7 4
+1 2
+3 6
+5 1
+3 9
-14 4
-9 3

fn=(88)
1581 156
+36 13
-36 26
+36 50
+21 65
cfi=(25)
cfn=(90)
calls=13 82 
* 125
+1 13
-1 13
+1 13
+11 9
-1 3
+1 12
cfi=(25)
cfn=(92)
calls=3 82 
* 15
* 6
+7 9
-7 3
+7 3
+16 37
+2 3
-2 42
+60 6
+5 6
+2 9
+6 6
+7 3
+1 3
+1 3
-2 12
+1 9
+16 12
+15 6
-15 120
+1 44
+4 10
+1 6
+14 14
+2 6
+5 2
+1 2
-13 60
+16 4
+6 2
-3 2
+1 2
+1 2
+1 4
+1 2
-1 4
-3 2
+1 2
+1 8
-2 2
+3 4
+14 117
1673 12
cfi=(32) /usr/src/debug/glibc-2.12-2-gc4ccff1/string/../string/memcmp.c
cfn=(122) bcmp
calls=2 322 
* 178
* 8

fn=(54) _dl_init_paths
633 1
+15 2
-15 8
+15 3
cfi=(5) /usr/src/debug/glibc-2.12-2-gc4ccff1/elf/../elf/dl-sysdep.c
cfn=(56) _dl_important_hwcaps
calls=1 354 
* 328
+4 1
-4 1
+4 1
cfi=(13)
cfn=(32)
calls=1 95 
* 29
* 1
+2 1
-2 2
+2 1
+7 5
+4 4
cfi=(13)
cfn=(32)
calls=1 95 
* 29
* 1
* 1
+3 3
+29 1
-22 2
+22 3
-2 2
-21 1
+1 1
+22 3
-8 1
-4 1
-2 2
+11 1
-6 1
-3 1
+1 1
+3 1
+1 1
+4 1
-5 1
-4 1
-2 2
+11 1
-6 1
-3 1
+1 1
+3 1
+1 1
+4 27
+1 2
-1 6
+1 2
-1 24
+1 4
-1 12
+3 10
+7 1
+4 1
-5 1
+6 2
+4 3
+32 4
+8 3
cfi=(19)
cfn=(60)
calls=1 26 
* 34
* 2
+2 2
cfi=(8)
cfn=(14)
calls=1 29 
* 88
* 8
cfi=(14)
cfn=(38)
calls=1 56 
* 31
* 1
+17 6
+2 1
+1 2
+1 1
-4 3
+2 26
+1 52
+1 26
-4 79
+7 1
cfi=(13)
cfn=(32)
calls=1 95 
* 29
* 1
+2 1
-2 1
+2 1
+6 7
cfn=(62)
calls=1 387 
* 997
+4 3
+6 1
+4 8
-72 1
-2 1
+2 2
+11 2

fn=(114)
1835 16
+1 2
-1 10
+7 2
-7 2
+1 2
+6 4
+5 8
+52 4
-52 2
+52 2
-52 14
+75 6
-63 12
+7 16
cfi=(14)
cfn=(58)
calls=4 56 
* 116
+1 4
-1 4
+1 28
+20 16
-20 78
+3 32
+4 60
cfi=(14)
cfn=(58)
calls=10 56 
* 198
* 40
cfi=(14)
cfn=(58)
calls=10 56 
* 230
* 10
-1 10
+7 20
+3 70
cfn=(88)
calls=10 1581 
* 470
* 10
+2 30
+26 8
+2 6
+39 4
-41 4
+41 20
+7 4
-2 4
+2 20
-67 16
+1 48
+79 8
-80 16
+7 16
+3 8
-3 8
+3 24
cfi=(30)
cfn=(116)
calls=8 37 
* 98
-1 16
+1 4
-1 4
+3 12
+7 24
+65 18
-14 6
+10 4
-66 6

fl=(15)
fn=(46)
135 647
+1 647
+1 647
+1 331
+1 331
+1 331
+1 331
cfn=(47) strcmp'2
calls=331 -6 
* 13284
+5 316
+1 316
+1 316
+1 316

fn=(47)
135 1854
+1 1854
+1 1854
+1 1676
+1 1676
+1 1676
+1 1676
cfn=(47)
calls=1523 -6 
* 61016
+2 153
+1 153
+2 178
+1 178
+1 178
+1 178

fl=(5)
fn=(8) _dl_sysdep_start
89 8
+25 1
-1 1
+1 176
+3 1
-3 1
+6 2
-2 1
-1 1
+3 1
-6 1
+6 4
+1 1
-1 7
+1 102
+3 2
-4 49
fi=(16) /usr/src/debug/glibc-2.12-2-gc4ccff1/elf/../sysdeps/unix/sysv/linux/dl-sysdep.c
-84 2
cfi=(6)
cfn=(10)
calls=1 -7 
* 11
fi=(7)
226 5
fe=(5)
+3 2
cfi=(9)
cfn=(16)
calls=1 35 
* 17
* 3
+12 3
+3 5
cfi=(2)
cfn=(18) dl_main
calls=1 888 
* 152340
+2 9
-67 1
-59 4
+34 1
-34 4
+43 1
-43 4
+40 1
-40 4
+37 1
-37 5
+13 1
-13 4
+10 1
-10 4
+7 1
-7 4
227 1
cfi=(8)
cfn=(14)
calls=1 29 
* 39
* 2

fn=(56)
354 6
+3 1
-3 2
+3 1
-1 1
+1 1
+9 1
-12 4
+12 1
+10 3
+75 2
+8 2
+2 1
+1 1
-1 2
+1 3
+11 1
-7 2
+1 1
-1 1
+7 1
+4 6
+1 2
+18 11
+1 3
cfi=(13)
cfn=(32)
calls=1 95 
* 29
* 1
+1 1
-1 1
+1 1
+4 2
+22 3
+3 1
-3 3
+3 1
+28 2
-7 1
+7 4
+1 1
-1 1
+1 1
-1 1
+1 1
-1 1
+1 3
-1 3
+1 3
-1 3
+1 3
-1 5
+5 2
-5 3
+5 3
+3 1
-3 1
+3 1
-3 3
+3 1
-3 1
+3 7
+2 16
-2 4
+1 12
-1 2
+1 12
-1 10
+4 4
+3 1
+2 2
-1 1
-1 2
+2 3
+13 11
+1 1
+2 2
-3 3
+1 1
+2 2
+3 3
+3 9
418 1
+3 1
-3 1
+3 8
529 5
cfi=(14)
cfn=(58)
calls=1 56 
* 22
* 1
+1 1
-1 1
+1 2
cfi=(14)
cfn=(58)
calls=1 56 
* 22
* 3

fn=(174) _dl_sysdep_start_cleanup
252 1

fl=(2)
fn=(72) do_preload
802 6
+6 1
+1 1
+5 5
-10 1
+6 1
+2 1
+2 1
cfi=(22) /usr/src/debug/glibc-2.12-2-gc4ccff1/elf/dl-error.c
cfn=(74) _dl_catch_error
calls=1 160 
* 2244
+1 2
+2 3
+12 5

fn=(80) map_doit
628 2
+2 7
cfi=(18)
cfn=(82)
calls=1 1984 
* 2175
* 1
+2 2

fn=(140) init_tls
782 1
-56 1
-4 1
-2 1
+2 1
+4 1
+60 3
-54 1
+3 4
cfi=(13)
cfn=(28)
calls=1 111 
* 39
* 1
+14 1
-14 1
+7 1
+1 1
+6 3
+2 10
+4 1
+2 1
-2 2
-5 1
-1 2
+1 4
-1 8
+13 1
cfi=(21)
cfn=(142) _dl_determine_tlsoffset
calls=1 138 
* 55
+7 1
cfi=(21)
cfn=(144) _dl_allocate_tls_storage
calls=1 354 
* 424
+1 1
-1 1
+1 1
+6 1
+4 1
-4 1
+4 6
+3 1
+2 1

fn=(2) _dl_start
365 9
+18 4
fi=(7)
76 2
fe=(2)
383 1
+29 2
-3 1
fi=(3)
119 1
fe=(2)
412 1
fi=(3)
119 2
+3 1
+4 1
+5 1
+3 1
+1 1
-3 1
-5 2
-5 14
+15 14
-18 42
+18 3
-18 9
+2 44
+5 32
+1 15
+10 5
-18 16
+25 2
fe=(2)
547 1
288 68
+12 2
cfi=(4)
cfn=(6)
calls=1 873 
* 24
+1 1
+1 1
+1 1
-2 1
+3 1
-2 1
+1 1
+1 1
+21 1
+10 1
-10 3
+10 1
-6 1
-4 1
+10 1
cfi=(5)
cfn=(8)
calls=1 89 
* 152839
* 1
+9 1
+7 1
-4 1
+4 1
572 9
fi=(3)
128 12
+3 12
+1 8
+2 4
+1 4
fe=(2)
540 2

fn=(18)
888 1
+19 1
-19 5
+22 1
-22 2
+32 1
-32 4
+27 1
-1 1
+6 1
+3 1
-16 1
+3 1
+4 1
+1 1
+8 1
cfn=(20) process_envvars
calls=1 2532 
* 598
+7 3
1109 5
+9 1
-9 2
cfi=(11)
cfn=(24)
calls=1 62 
* 250
+4 1
-4 1
+3 1
+6 2
-5 1
+1 2
+4 1
cfi=(11)
cfn=(40)
calls=1 33 
* 31
* 1
+30 1
-3 1
+3 1
-8 1
+1 1
+2 1
+5 5
+1 24
-1 24
+1 39
+91 2
+1 1
-88 3
+1 1
+49 2
+1 2
-1 8
+2 4
+1 2
+3 2
+1 2
-1 2
+1 2
+1 2
+1 6
+1 2
-43 1
-3 2
+3 1
+7 2
-10 1
+10 1
+68 2
-87 3
+1 1
+92 3
+3 2
+2 2
+2 3
+13 3
+1 6
cfi=(15)
cfn=(46)
calls=1 135 
* 7
-1 2
+12 2
-4 1
-2 1
+3 1
+3 1
+6 2
fi=(3)
104 1
+9 2
+6 1
-2 1
+2 2
+7 1
+5 1
+3 1
+1 1
-3 1
-5 2
-1 12
+1 9
+10 3
-18 9
+2 40
+8 17
+8 17
-18 51
+25 3
+67 3
+14 3
+7 2
fe=(2)
1294 2
cfi=(4)
cfn=(6)
calls=1 873 
* 14
+3 2
+20 4
+92 1
cfi=(16)
cfn=(50) _dl_discover_osversion
calls=1 67 
* 92
* 8
+5 2
cfi=(18)
cfn=(54)
calls=1 633 
* 1976
+3 3
cfi=(20)
cfn=(66)
calls=1 52 
* 23
+7 1
-7 1
+2 1
+5 1
+4 1
+3 1
-2 1
+3 1
-2 1
-2 2
+9 1
-9 1
+1 1
+8 1
+5 1
+4 1
-3 2
+3 1
+4 1
-5 1
+5 2
+1 2
+1 1
-1 2
+1 3
+2 2
+1 2
+5 2
+5 4
1642 1
cfi=(21)
cfn=(68) _dl_count_modids
calls=1 116 
* 5
* 1
+8 3
+3 2
+4 3
+5 2
+1 1
cfi=(20)
cfn=(70) _dl_debug_state
calls=1 77 
* 1
+1 1
+4 3
+19 4
+31 3
cfi=(25)
cfn=(108)
calls=1 82 
* 11
* 2
+77 5
+17 1
+1 2
-1 1
+1 2
-1 1
+1 3
cfi=(29) /usr/src/debug/glibc-2.12-2-gc4ccff1/elf/dl-deps.c
cfn=(110) _dl_map_object_deps
calls=1 149 
* 12880
+1 1
+2 5
+3 1
-3 2
+3 1
-3 1
+3 1
-3 1
+3 1
+1 5
-1 2
+1 16
-1 9
+4 3
+1 3
+1 1
+2 2
+1 22
-1 9
+1 2
+13 1
-1 2
+1 1
+2 4
+5 1
-5 1
+4 2
+12 1
+3 1
+1 1
-1 1
+1 3
+11 2
+2 3
-2 2
+1 4
+1 1
cfi=(22)
cfn=(130) _dl_receive_error
calls=1 198 
* 3647
+10 1
+1 1
-1 1
+1 1
+3 2
851 1
fi=(34) /usr/src/debug/glibc-2.12-2-gc4ccff1/elf/../sysdeps/unix/sysv/linux/dl-osinfo.h
70 2
+48 2
fe=(2)
853 1
+6 2
fi=(34)
127 2
+11 2
fe=(2)
864 1
+2 1
+6 1
1895 2
2121 3
+56 2
+4 4
+4 2
+48 2
+7 1
-7 1
+7 1
+3 21
+3 3
+6 2
+2 2
-2 8
+2 8
+7 5
-2 5
+2 10
+1 28
cfi=(35)
cfn=(148)
calls=4 158 
* 118022
+4 12
+1 2
cfi=(21)
cfn=(170) _dl_add_to_slotinfo
calls=1 843 
* 24
+2 5
+2 10
+1 1
+2 7
+6 1
-6 1
+6 1
+9 4
+2 1
+5 2
cfi=(21)
cfn=(172) _dl_allocate_tls_init
calls=1 402 
* 128
+4 2
+11 4
+29 1
cfi=(5)
cfn=(174)
calls=1 252 
* 1
+4 3
+20 3
cfi=(20)
cfn=(66)
calls=1 52 
* 9
+1 1
-1 1
+2 1
cfi=(20)
cfn=(70)
calls=1 77 
* 1
+1 1
+4 1
cfi=(31)
cfn=(176) _dl_unload_cache
calls=1 303 
* 15
+5 8
-50 1
+2 1
+1 1
-3 1
+3 3
-3 1
+3 1
cfi=(35)
cfn=(148)
calls=1 158 
* 9404
+1 1
+2 10
1438 4
-11 4
1799 9
+4 3
+1 1
+1 3
2256 1
+1 1
-3 2
1694 78
cfi=(14)
cfn=(38)
calls=1 56 
* 66
* 1
+3 4
+3 3
cfi=(13)
cfn=(64)
calls=1 325 
* 1266
* 3
cfi=(13)
cfn=(64)
calls=1 325 
* 4
* 6
+1 4
+3 4
cfn=(72)
calls=1 802 
* 2271
* 2
+2 1
+2 12
1888 1
cfn=(140)
calls=1 782 
* 585
* 2

fn=(20)
2532 1
+8 2
-8 4
+23 1
-23 4
+8 1
-8 1
+8 2
-7 1
+6 2
fi=(103) /usr/src/debug/glibc-2.12-2-gc4ccff1/elf/../sysdeps/unix/sysv/linux/dl-librecon.h
32 1
fe=(2)
2539 1
-6 1
fi=(103)
32 2
fe=(2)
2542 2
cfi=(10)
cfn=(22)
calls=1 31 
* 126
* 4
cfi=(10)
cfn=(22)
calls=2 31 
* 244
* 9
+4 6
-4 2
+4 38
+1 19
-1 57
+9 12
2704 1
-4 1
+4 1
-4 1
+4 1
+30 2
+21 8
2629 17
-53 5
+7 12
+2 2
+1 1
+45 2
+1 1

fn=(76) _dl_initial_error_catch_tsd
796 12

fn=(42)
836 6
+1 6

fn=(44)
842 6
+1 6

fn=(132) version_check_doit
660 2
+3 4
cfi=(33) /usr/src/debug/glibc-2.12-2-gc4ccff1/elf/dl-version.c
cfn=(134) _dl_check_all_versions
calls=1 387 
* 3607
-1 2
+4 2

fl=(17) /usr/src/debug////////glibc-2.12-2-gc4ccff1/posix/../sysdeps/unix/syscall-template.S
fn=(52) uname
82 4
+1 1

fl=(20)
fn=(70)
77 2

fn=(66)
52 10
+5 5
-5 5
+5 10
+5 2
-1 1
+1 3
+1 2
+4 5
-10 10
+4 1
-1 1
+1 4

fl=(16)
fn=(50)
67 4
+2 3
+85 5
-45 3
cfi=(17)
cfn=(52)
calls=1 -27 
* 5
* 3
+12 2
+10 12
+4 3
-2 9
+2 10
+3 4
-3 4
+7 3
-1 3
+2 3
+2 14
+5 2

fl=(21)
fn=(128)
57 3
+48 2
+4 1

fn=(142)
138 1
+11 1
-11 3
+45 8
+5 2
+4 2
-4 3
+2 2
+2 3
+12 2
+4 5
+3 2
-1 2
+10 1
-37 2
+37 1
-37 3
+41 1
-1 1
+52 1
-51 1
+52 4
-52 3
+52 1

fn=(68)
116 2
+1 3

fn=(172)
402 7
+1 1
-1 1
+1 1
+4 1
+8 5
+5 6
+6 8
+27 3
+8 3
+1 3
+1 6
cfi=(14)
cfn=(58)
calls=1 56 
* 23
* 4
cfi=(28)
cfn=(102)
calls=1 44 
* 27
* 3
-43 3
+6 4
+3 1
+1 2
+7 1
+2 1
-2 2
+2 2
+38 1
+3 9

fn=(170)
843 6
+6 1
+3 2
+5 3
+42 1
-1 3
+1 2
+1 6

fn=(144)
354 1
+13 1
-13 2
+2 1
+11 2
cfi=(13)
cfn=(36) __libc_memalign
calls=1 53 
* 50
* 1
+1 1
-1 1
+1 1
+7 1
+4 307
-58 1
+1 1
-1 1
+1 2
cfi=(13)
cfn=(28)
calls=1 111 
* 39
* 1
+1 2
+3 1
+6 2
+64 5

fl=(52)
fn=(260)
30 15
+2 15
+1 15
+1 15
+1 15
+1 15
+1 15
+1 15
+1 15
+1 15
+1 15
cfi=(53)
cfn=(262)
calls=15 +32 
* 19520
+1 15
+1 15
+1 15
+1 15
+1 15
+1 15
+1 15
+1 15
+1 15
+2 15

fl=(24)
fn=(84)
301 505
+1 202
cfi=(15)
cfn=(46)
calls=101 135 
* 714
* 202
+3 101
+2 202
+4 102
-4 204
+1 321
cfi=(15)
cfn=(46)
calls=107 135 
* 1802
* 214
+6 5
-7 5
+7 111
-7 96
+7 288

fn=(120) _dl_sysdep_read_whole_file
44 2
+3 1
-3 4
+3 1
-3 1
+3 1
cfi=(25)
cfn=(90)
calls=1 +35 
* 5
+1 1
-1 1
+1 2
+2 4
cfi=(26)
cfn=(96)
calls=1 -13 
* 10
* 2
+2 1
+3 1
-3 1
+3 1
+13 2
cfi=(25)
cfn=(106)
calls=1 +14 
* 5
+3 7
-14 7
cfi=(27)
cfn=(98)
calls=1 +25 
* 6
* 2

fl=(13)
fn=(32)
95 26
+1 52
cfn=(36)
calls=26 -43 
* 706
* 26

fn=(28)
111 10
-3 10
+3 20
-3 10
+3 20
+4 20
cfn=(32)
calls=10 -20 
* 346
* 10

fn=(36)
53 108
+1 107
+11 78
+3 26
-3 26
+3 52
-3 3
+3 1
-3 1
+3 98
+4 12
+1 9
+6 21
cfi=(27)
cfn=(98)
calls=3 +3 
* 18
+2 6
+3 6
+1 6
-1 3
+1 6
+3 3
+1 3
+2 12
-3 24
+1 24
+2 96
-31 2
-1 5

fn=(64)
325 5
+1 10
+4 27
+5 6
-5 270
+5 364
+2 736
+8 92
-15 278
+18 2
+4 4
-13 2
+2 2
+7 1
+4 1

fl=(29)
fn=(112) openaux
62 8
+7 4
-4 44
cfi=(18)
cfn=(82)
calls=4 1984 
* 10542
* 4
+5 8

fn=(110)
149 1
+1 1
-1 2
+1 1
-1 2
+1 1
-1 1
+1 2
-1 4
+1 1
-1 1
+1 2
+16 1
-16 1
+14 1
+1 1
+1 1
+6 3
+10 1
-10 1
+10 1
-36 5
+20 1
-2 1
+19 1
-17 1
+6 1
-6 1
-2 1
+2 1
-2 1
+1 1
+1 1
+6 3
+10 1
-10 1
+10 5
+19 1
-15 1
+18 1
338 3
186 2
338 1
201 2
+2 1
+1 1
338 4
208 1
+5 1
+4 2
-9 4
+5 4
+4 8
+2 2
+3 10
+10 3
-8 3
+7 3
-7 3
+8 3
+3 3
-5 3
+1 3
-7 3
+5 3
+6 21
+50 8
+1 6
-51 292
+1 146
+6 20
cfi=(19)
cfn=(60)
calls=4 26 
* 136
* 12
+5 20
-3 4
+3 4
cfi=(22)
cfn=(74)
calls=4 -87 
* 10838
+2 12
+15 4
+2 8
+5 3
+6 3
+2 3
-8 6
+5 3
-2 3
+1 3
+2 3
+4 18
-59 8
+13 2
466 10
+2 9
+2 9
cfi=(13)
cfn=(32)
calls=3 95 
* 87
* 3
+2 3
-2 3
+2 3
+4 12
-1 3
+2 3
-1 6
cfi=(14)
cfn=(38)
calls=3 56 
* 64
+1 12
cfi=(14)
cfn=(38)
calls=3 56 
* 64
+4 3
-1 3
+5 30
+2 5
+1 34
217 18
+1 4
-1 8
+2 21
488 3
+4 4
+1 2
+3 5
+11 4
cfi=(13)
cfn=(32)
calls=1 95 
* 29
* 1
+2 1
-2 1
+2 1
+5 2
+1 1
-1 1
+1 1
-1 1
+1 1
-1 1
+1 5
+8 5
+4 2
-10 3
+6 20
+4 8
-10 13
+13 2
+53 4
+43 1
-5 1
+6 2
-1 6
+1 3
cfi=(28)
cfn=(102)
calls=1 44 
* 19
* 1
+25 2
-25 1
+25 1
-25 1
+25 1
-21 2
+7 1
-6 2
+6 1
-7 6
+7 3
-6 6
+6 9
+2 12
+1 6
-1 12
+1 9
+3 18
-1 27
+23 6
-28 12
+31 15
+3 24
cfi=(28)
cfn=(102)
calls=3 44 
* 52
* 6
-45 6
+45 1
+7 2
+2 1
+1 1
-1 1
+9 2
+3 2
+3 8
288 276
619 8
cfi=(14)
cfn=(38)
calls=1 56 
* 42
+2 3

fl=(1) ???
fn=(0) 0x0000003a1b400b00
0 2
cfi=(2)
cfn=(2)
calls=1 365 
0 153234
0 14
cfi=(40)
cfn=(182)
calls=1 93 
0 2373
0 3
cob=(6)
cfi=(51)
cfn=(252) 0x0000000000400e90
calls=1 0 
0 30885542462

fl=(22)
fn=(74)
160 35
+9 5
+2 5
cfi=(2)
cfn=(76)
calls=5 796 
* 10
* 5
+1 5
+2 10
-2 5
+2 5
cfi=(23)
cfn=(78)
calls=5 26 
* 95
+1 5
-1 5
+1 5
+2 10
+1 5
-1 5
+1 5
cfi=(29)
cfn=(112)
calls=4 62 
* 10610
cfi=(2)
cfn=(80)
calls=1 628 
* 2187
+1 15
+1 5
+1 5
-1 5
+2 5
-1 5
+1 5
+10 20

fn=(130)
198 10
+1 1
cfi=(2)
cfn=(76)
calls=1 796 
* 2
+5 1
-1 1
-4 1
+9 1
+2 1
-3 1
+3 1
cfi=(2)
cfn=(132)
calls=1 660 
* 3617
+2 1
+1 1
+1 8

fl=(27)
fn=(178) munmap
82 4
+1 1

fn=(100)
82 24
+1 6

fn=(98)
82 55
+1 11

fl=(32)
fn=(122)
322 3
+7 3
-7 15
+7 3
+4 3
+16 1
-16 1
+16 2
+1 2
136 7
+4 1
+1 1
+3 3
+48 1
-2 1
+1 1
+1 1
357 1
+2 1
-2 2
+1 1
+5 6
+6 6
+1 6
-3 6
+2 68
+1 34
-3 17
-4 43
+13 21
204 2
-5 2

fl=(31)
fn=(124) _dl_cache_libcmp
170 69
-29 46
+2 69
+20 69
+2 46
+4 23
+1 46
cfn=(125) _dl_cache_libcmp'2
calls=23 * 
* 1666

fn=(125)
170 294
-29 206
+2 294
+2 15
+6 10
+1 5
-1 5
+2 5
-1 10
+1 15
+2 20
+2 10
+6 279
+2 186
+4 75
+1 150
cfn=(125)
calls=75 * 
* 3896
+3 10
+1 5
-8 72

fn=(176)
303 1
+1 4
+2 2
cfi=(27)
cfn=(178)
calls=1 82 
* 5
+1 1
+2 2

fn=(118)
183 16
+8 4
+3 6
+45 4
+6 6
+16 6
+12 2
-20 2
+8 2
+12 2
-12 2
+12 4
-20 2
+20 4
-20 2
+20 320
cfn=(124)
calls=18 170 
* 1392
* 76
+21 18
-97 4
cfi=(24)
cfn=(120)
calls=1 44 
* 68
+8 2
+1 1
-1 2
+1 3
-1 13
+5 2
+3 4
+3 1
+1 2
-1 1
+1 1
+2 3
cfi=(32)
cfn=(122)
calls=1 322 
* 87
-2 2
+56 70
cfn=(124)
calls=3 170 
* 322
* 10
cfn=(124)
calls=2 170 
* 320
* 75
+16 8

fl=(33)
fn=(136) _dl_check_map_versions
180 45
+15 5
-15 10
+15 10
+2 5
+3 5
-3 5
+2 5
+1 5
+2 5
-3 5
+3 5
+3 9
+4 3
-4 3
+4 6
+10 12
+7 3
62 3
226 6
62 24
+1 10
-1 20
+2 39
cfi=(24)
cfn=(84)
calls=13 301 
* 841
* 26
234 9
+5 12
+20 6
-16 64
cfn=(138) match_symbol
calls=2 82 
* 280
* 24
cfn=(138)
calls=4 82 
* 737
* 30
+11 18
+9 12
69 3
277 10
+3 12
+10 44
-10 88
+6 66
-6 12
+6 9
+8 10
+87 45
-81 4
-1 12
cfi=(13)
cfn=(28)
calls=4 111 
* 181
* 4
+2 4
-2 4
+2 4
+11 4
+2 4
-5 4
+3 8
+2 4
+3 15
+4 9
+18 9
-15 6
+2 9
-2 6
+2 9
+2 36
+1 18
+1 18
+1 18
+3 18
+8 9
+10 8
+3 15
+20 44
-14 22
-2 22
+2 25
-2 3
+2 3
+5 44
+1 22
-1 110
+1 22
+1 22
-1 44
+4 78
269 6

fn=(134)
387 5
+4 1
-4 1
+4 1
-4 1
+4 3
+1 15
-1 5
+1 5
-1 10
+5 7
-3 20
cfn=(136)
calls=5 180 
* 3513
-1 20

fn=(138)
82 60
+9 6
-8 6
-1 18
+1 6
+8 6
+6 18
+18 12
+5 12
+14 66
+12 81
+4 54
-30 54
+19 36
cfi=(15)
cfn=(46)
calls=6 -4 
* 516
* 18
+34 6
+1 42

fl=(8)
fn=(14)
29 16
+1 16
+1 16
+1 16
+2 10
+1 10
+2 10
+1 10
-1 32
+1 32
+1 41
+1 41
+1 41
+2 30
+5 15
+1 15
+1 15
+1 15
+3 15
-6 6
+1 6
+1 6
+1 6
+3 6
+1 15
+1 15
+1 15
+2 15
+3 13
+1 13
+1 13
+1 13
+3 13
+1 12
+1 12
+1 12
+2 12
+3 9
+1 9
+1 9
+1 9
+3 9
+1 7
+1 7
+1 7
+2 7
+3 6
+1 6
+1 6
+1 6
+3 6
+1 6
+1 6
+1 6
+2 6
+3 15
+2 15
+1 15
+1 13
+2 13
+1 13
+1 11
+2 11
+1 11
+1 6
+2 6
+1 6
+1 5
+2 5
+2 5
+1 5
+1 4
+2 4
+1 4
+1 3
+2 3
+1 3
+1 2
+2 2
+1 2
-1 14
+1 14

ob=(4) /usr/sup/valgrind-3.9.0/lib/valgrind/vgpreload_core-amd64-linux.so
fl=(41) ???
fn=(202) 0x00000000000007a0
0 12

fn=(192) 0x0000000000000630
0 16

fn=(640) 0x00000000000005b0
0 10
cob=(3)
cfi=(99)
cfn=(652)
calls=1 31 
0 62
cob=(1)
cfi=(52)
cfn=(260)
calls=1 30 
0 1133
0 5
0 9
cfn=(660) 0x0000000000000540
calls=1 0 
0 9
0 5

fn=(660)
0 9

fn=(186) 0x0000000000000520
0 6

ob=(6)
fl=(59)
fn=(304)
13 5
+4 2
+1 6
cob=(3)
cfi=(60)
cfn=(310)
calls=1 +89 
* 61279
cob=(1)
cfi=(52)
cfn=(260)
calls=1 +12 
* 1198
* 5
* 2
+7 2
cob=(3)
cfi=(61)
cfn=(316)
calls=1 3619 
* 192
cob=(1)
cfi=(52)
cfn=(260)
calls=1 +5 
* 1253
* 5
* 1
+1 2
cob=(3)
cfi=(61)
cfn=(316)
calls=1 3619 
* 192
* 1
* 1
+2 6
cfn=(364) initialize
calls=1 +24 
* 18166559
+1 5
cfn=(476) execute
calls=1 +47 
* 30861136040
+2 3
cob=(3)
cfi=(96)
cfn=(586)
calls=1 +12 
* 397
cob=(1)
cfi=(52)
cfn=(260)
calls=1 -1 
* 1366
* 5
+2 3
cob=(3)
cfi=(61)
cfn=(546)
calls=1 3702 
* 84
* 1
+1 3
cob=(3)
cfi=(61)
cfn=(546)
calls=1 3702 
* 84
* 1
+2 2
cfi=(84) /h/sbrone01/Desktop/comp40/umOp/memoryManager.c
cfn=(608) deleteMemory
calls=1 +77 
* 6168125
* 1
+2 2

fn=(476)
76 5
+2 1
+2 1
+2 425352610
+1 510423132
cfi=(84)
cfn=(478) getWord
calls=85070522 188 
* 4593808188
* 425352610
cfi=(93) /h/sbrone01/Desktop/comp40/umOp/alu.c
cfn=(480) performOperation
calls=85070522 +53 
* 24650987922
* 85070522
-3 170141046
+8 1
+2 2

fn=(364)
52 6
+2 2
+2 2
+1 48
-1 26
+4 5
cob=(3)
cfi=(76)
cfn=(370)
calls=1 -23 
* 304
cob=(1)
cfi=(52)
cfn=(260)
calls=1 -30 
* 1305
* 5
+1 3
cob=(3)
cfi=(82)
cfn=(406)
calls=1 -24 
* 110
cob=(1)
cfi=(52)
cfn=(260)
calls=1 -31 
* 1370
* 5
* 1
+1 3
cob=(3)
cfi=(83)
cfn=(414)
calls=1 -28 
* 157
cob=(1)
cfi=(52)
cfn=(260)
calls=1 -32 
* 1334
* 5
+2 3
cfi=(84)
cfn=(418) newMemory
calls=1 -11 
* 2573
+1 3
cfi=(89) /h/sbrone01/Desktop/comp40/umOp/ioModule.c
cfn=(440) loadProgram
calls=1 -50 
* 18159287
+1 2

fl=(84)
fn=(478)
188 522659130
+2 522659130
cfi=(85) /usr/sup/src/cii40/src/seq.c
cfn=(474) Seq_get
calls=104531826 54 
* 3658613910
* 104531826
+1 627190956
+2 209063652

fn=(538) removeSegment
142 5640180
+2 2820090
cob=(3)
cfi=(61)
cfn=(316)
calls=1410045 3619 
* 129760960
* 1410045
* 1410045
+2 4230135
+2 7050225
cfi=(88) /usr/sup/src/cii40/src/stack.c
cfn=(540) Stack_push
calls=1410045 25 
* 197560992
+2 7050225
cfi=(85)
cfn=(474)
calls=1410045 -96 
* 49351575
* 1410045
+1 5640180
cob=(3)
cfi=(61)
cfn=(546)
calls=1410045 3702 
* 118443900
cob=(1)
cfi=(52)
cfn=(260)
calls=1 30 
* 1281
* 1410049
+1 4230135
cob=(3)
cfi=(61)
cfn=(546)
calls=1410045 3702 
* 118443780
* 1410045
+2 8460270
cfi=(85)
cfn=(548) Seq_put
calls=1410045 -94 
* 77552475
+2 1410045
+2 2820090

fn=(608)
113 3
+3 2
+1 105245
cfi=(85)
cfn=(474)
calls=21049 -63 
* 736715
* 42098
+2 23950
cfi=(85)
cfn=(474)
calls=4790 -65 
* 167650
* 4790
+1 19160
cob=(3)
cfi=(61)
cfn=(546)
calls=4790 3702 
* 402897
* 4790
+1 14370
cob=(3)
cfi=(61)
cfn=(546)
calls=4790 3702 
* 402360
* 4790
-5 84196
cfi=(85)
cfn=(508) Seq_length
calls=21049 -66 
* 210490
* 3
cfi=(85)
cfn=(508)
calls=1 -66 
* 10
* 42100
+8 2
cfi=(85)
cfn=(610) Seq_free
calls=1 -79 
* 195
+2 1
+1 48777
cfi=(88)
cfn=(550) Stack_pop
calls=16259 -93 
* 2146188
* 32518
cob=(3)
cfi=(61)
cfn=(546)
calls=16259 3702 
* 1365756
* 16259
-1 48780
cfi=(88)
cfn=(506) Stack_empty
calls=16260 21 
* 211380
* 32520
+3 2
cfi=(88)
cfn=(614) Stack_free
calls=1 -83 
* 126
+1 2

fn=(418)
53 4
+2 2
cfi=(85)
cfn=(420) Seq_new
calls=1 -29 
* 1826
* 1
+2 1
cfi=(88)
cfn=(434) Stack_new
calls=1 -43 
* 225
* 1
+2 4
+1 4
+2 3
cfn=(436) initializeSegmentZero
calls=1 +37 
* 500
+1 2

fn=(436)
99 4
+2 2
cob=(3)
cfi=(61)
cfn=(316)
calls=1 3619 
* 192
* 1
* 1
+1 5
cob=(3)
cfi=(61)
cfn=(316)
calls=1 3619 
* 225
* 1
* 3
+1 3
+2 5
cfi=(85)
cfn=(438) Seq_addlo
calls=1 -7 
* 56
+1 2

fn=(502) newSegment
72 5659336
+2 2829668
cob=(3)
cfi=(61)
cfn=(316)
calls=1414834 3619 
* 131998810
* 1414834
* 1414834
+1 7074170
cob=(3)
cfi=(61)
cfn=(316)
calls=1414834 3619 
* 133045719
* 1414834
* 4244502
+1 4244502
+2 2829668
+1 59565730
-1 38282062
+4 2829668
cfn=(504) nextAvailSegId
calls=1414834 -47 
* 351991800
* 1414834
+2 4244502
cfi=(85)
cfn=(508)
calls=1414834 -34 
* 14148340
* 2829668
+1 105240
cfi=(85)
cfn=(510) Seq_addhi
calls=21048 +4 
* 923377
* 21048
+2 8362716
cfi=(85)
cfn=(548)
calls=1393786 -27 
* 76658230
+3 1414834
+1 2829668

fn=(504)
35 4244502
+1 4244502
cfi=(88)
cfn=(506)
calls=1414834 -15 
* 18392842
* 2829668
+1 4181358
cfi=(88)
cfn=(550)
calls=1393786 -3 
* 183979752
* 1393786
+1 4181358
+2 4181358
cob=(3)
cfi=(61)
cfn=(546)
calls=1393786 3702 
* 117078024
* 1393786
+2 2787572
+2 63144
cfi=(85)
cfn=(508)
calls=21048 +6 
* 210480
+1 2829668

fn=(472) putWord
172 97385148
+2 81154290
cfi=(85)
cfn=(474)
calls=16230858 54 
* 568080030
* 16230858
+1 113616006
+2 16230858
+1 32461716

fl=(86) /usr/sup/src/cii40/src/mem.c
fn=(422) Mem_calloc
22 11
+4 5
cob=(3)
cfi=(61)
cfn=(428)
calls=1 4050 
* 233
cob=(1)
cfi=(52)
cfn=(260)
calls=1 +4 
* 1292
* 5
* 1
+1 2
+7 1
+1 2

fn=(516) Mem_resize
41 165
+3 75
cob=(3)
cfi=(61)
cfn=(522)
calls=15 3753 
* 36871
cob=(1)
cfi=(52)
cfn=(260)
calls=1 -14 
* 1256
* 19
* 15
+1 30
+7 15
+1 30

fn=(430) Mem_alloc
8 11280376
+3 4230141
cob=(3)
cfi=(61)
cfn=(316)
calls=1410047 3619 
* 131289261
* 1410047
* 1410047
+1 2820094
+7 1410047
+1 2820094

fn=(552) Mem_free
36 8460288
+1 2820096
+1 4230144
cob=(3)
cfi=(61)
cfn=(546)
calls=1410048 3702 
* 118443984
* 1410048
+1 2820096

fl=(88)
fn=(506)
21 8586564
+2 7155470
+1 2862188

fn=(614)
46 6
+2 4
-2 1
+3 7
+4 6
cfi=(86)
cfn=(552)
calls=1 -17 
* 98
* 2
+1 2

fn=(550)
34 8460270
+4 2820090
-4 2820090
+5 4230135
+1 5640180
+1 7050225
+1 4230135
+1 7050225
cfi=(86)
cfn=(552)
calls=1410045 -7 
* 138184410
* 1410045
+1 1410045
+1 2820090

fn=(434)
14 3
+2 4
cfi=(86)
cfn=(430)
calls=1 -8 
* 210
* 1
+1 2
+1 2
+1 1
+1 2

fn=(540)
25 9870315
+3 5640180
cfi=(86)
cfn=(430)
calls=1410045 -20 
* 156669687
* 1410045
+1 4230135
+1 5640180
+1 4230135
+1 7050225
+1 2820090

fl=(93)
fn=(532) mult
48 209830
+1 734405
+1 104915
+1 209830

fn=(554) ALUoutput
94 362
+1 724
cfi=(89)
cfn=(556) IOoutput
calls=181 -53 
* 19071
+1 181
+2 362

fn=(534) divide
55 340672
+1 1362688
+1 170336
+1 340672

fn=(486) loadv
130 130214800
+1 97661100
+1 32553700
+1 65107400

fn=(580) halt
69 2
+2 1
+1 2

fn=(482) interpretInstruction
194 340282088
+3 425352610
cfi=(92) /g/40/2014f/www/solutions/bitpack.c
cfn=(484) Bitpack_getu
calls=85070522 81 
* 2722256704
* 85070522
+1 425352610
cfi=(92)
cfn=(484)
calls=85070522 81 
* 2722256704
* 85070522
+1 425352610
cfi=(92)
cfn=(484)
calls=85070522 81 
* 2722256704
* 85070522
+1 425352610
cfi=(92)
cfn=(484)
calls=85070522 81 
* 2722256704
* 85070522
+2 170141044
+1 170141044

fn=(480)
136 510423132
+1 255211566
cfn=(482)
calls=85070522 +57 
* 13611283520
* 170141044
+4 510423132
+1 510423132
+1 510423132
+6 510423132
+3 19224933
cfn=(498) cmov
calls=2746419 17 
* 34566691
* 2746419
+2 136229128
cfn=(492) sload
calls=19461304 28 
* 1401213888
* 19461304
+2 113405236
cfn=(490) sstore
calls=16200748 35 
* 1134052360
* 16200748
+2 21987280
cfn=(496) add
calls=3141040 41 
* 37692480
* 3141040
+2 734405
cfn=(532)
calls=104915 48 
* 1258980
* 104915
+2 1192352
cfn=(534)
calls=170336 55 
* 2214368
* 170336
+2 30071230
cfn=(494) nand
calls=4295890 62 
* 55846570
* 4295890
+2 7
cfn=(580)
calls=1 -97 
* 5
* 1
+2 9903838
cfn=(500) map
calls=1414834 -92 
* 885844772
* 1414834
+2 9870315
cfn=(536) unmap
calls=1410045 -82 
* 758797127
* 1410045
+2 1267
cfn=(554)
calls=181 -78 
* 20700
* 181
+4 32139981
cfn=(488) loadp
calls=3571109 -60 
* 60708853
* 3571109
+2 162768500
cfi=(92)
cfn=(484)
calls=32553700 -97 
* 1041718400
* 32553700
+1 162768500
cfi=(92)
cfn=(484)
calls=32553700 -98 
* 1041718400
* 32553700
+1 260429600
cfn=(486)
calls=32553700 -50 
* 325537000
* 32553700
+4 170141044

fn=(492)
28 77845216
+1 155690432
cfi=(84)
cfn=(478)
calls=19461304 188 
* 1050910416
* 19461304
+1 19461304
+1 77845216

fn=(494)
62 8591780
+1 34367120
+1 4295890
+1 8591780

fn=(488)
116 14284436
+1 14284436
+1 17855545
+1 7142218
+7 7142218

fn=(490)
35 32401496
+1 145806732
cfi=(84)
cfn=(472)
calls=16200748 172 
* 923442636
+1 32401496

fn=(496)
41 6282080
+1 21987280
+1 3141040
+1 6282080

fn=(498)
17 5492838
+2 10985676
+1 9848920
+3 2462230
+1 4924460
-1 284189
+1 568378

fn=(536)
88 2820090
+1 5640180
cfi=(84)
cfn=(538)
calls=1410045 +53 
* 747516767
+1 2820090

fn=(500)
76 4244502
+1 5659336
cfi=(84)
cfn=(502)
calls=1414834 -5 
* 861792594
* 1414834
+2 2829668
+1 4244502
+1 2829668
+3 2829668

fl=(89)
fn=(556)
42 724
+1 543
cob=(3)
cfi=(95)
cfn=(562)
calls=181 -14 
* 15853
cob=(1)
cfi=(52)
cfn=(260)
calls=1 -13 
* 1404
* 185
+1 362

fn=(440)
15 4
+3 1
+6 1
+1 30110
+1 150550
cob=(3)
cfi=(91)
cfn=(462)
calls=30110 +11 
* 1686160
cob=(1)
cfi=(52)
cfn=(260)
calls=1 +4 
* 1358
* 30114
+2 90330
cob=(3)
cfi=(90)
cfn=(446)
calls=30110 +9 
* 1174290
* 30110
* 210770
cfi=(92)
cfn=(468) Bitpack_newu
calls=30110 +63 
* 1716270
* 30110
+1 90330
cob=(3)
cfi=(90)
cfn=(446)
calls=30110 +8 
* 1174290
* 30110
* 210770
cfi=(92)
cfn=(468)
calls=30110 +62 
* 1716270
* 30110
+1 90330
cob=(3)
cfi=(90)
cfn=(446)
calls=30110 +7 
* 1174290
* 30110
* 210770
cfi=(92)
cfn=(468)
calls=30110 +61 
* 1716270
* 30110
+1 90330
cob=(3)
cfi=(90)
cfn=(446)
calls=30110 +6 
* 1174290
* 30110
* 210770
cfi=(92)
cfn=(468)
calls=30110 +60 
* 1625940
* 30110
+2 240880
cfi=(84)
cfn=(472)
calls=30110 172 
* 1716270
-9 90333
cob=(3)
cfi=(90)
cfn=(446)
calls=30111 +13 
* 1174661
cob=(1)
cfi=(52)
cfn=(260)
calls=1 +6 
* 1205
* 30115
* 90333
+11 2

fl=(92)
fn=(468)
91 722640
+1 120440
-1 481760
+2 240880
+1 361320
cfn=(470) Bitpack_fitsu
calls=120440 -31 
* 1083960
* 240880
-64 240880
+1 120440
+3 361320
-12 120440
+74 240880
-74 120440
-4 240880
+1 120440
+3 180660
+12 361320
+65 180660
-65 90330
+65 90330
-65 90330
+65 90330
-65 90330
+65 361320
-65 30110
+65 60220
-65 30110
+65 30110
-65 30110
+65 30110
-65 30110
+65 120440
-80 60220

fn=(484)
81 1216168464
+1 405389488
-1 1216168464
+2 810778976
+2 1621557952
-67 405389488
+67 810778976
-67 405389488
+1 405389488
+3 810778976
+8 405389488
-8 405389488
+8 405389488
+1 405389488
+3 1216168464
+52 2026947440

fn=(470)
63 120440
-1 120440
+1 240880
+3 481760
+1 120440

fl=(87) /usr/sup/src/cii40/src/uarray.c
fn=(432) UArrayRep_init
18 11
+2 2
-2 2
+4 3
+1 3
+1 2
+1 4
+3 2

fn=(514) UArray_resize
47 150
+3 30
+2 60
+3 165
cfi=(86)
cfn=(516)
calls=15 -14 
* 38476
* 45
+1 45
+1 60

fn=(612) UArray_free
29 6
+1 4
-1 1
+2 7
cfi=(86)
cfn=(552)
calls=1 +5 
* 50
* 3
+1 6
cfi=(86)
cfn=(552)
calls=1 +4 
* 98
* 2
+1 2

fl=(85)
fn=(438)
98 6
+1 1
-1 2
+3 6
+2 9
+1 5
+1 5
+1 3
+1 9
-1 3
+1 2
-1 1
+2 4

fn=(474)
54 1221985680
+2 488794272
-2 122198568
+3 366595704
+1 1099787112
-1 488794272
+2 488794272

fn=(548)
60 30842141
+3 11215324
-3 2803831
+4 8411493
+1 25234479
-1 14019155
+2 8411493
+1 25234479
-1 8411493
+1 5607662
+1 2803831
+1 11215324

fn=(610)
45 6
+1 4
-1 1
+3 3
cfi=(87)
cfn=(612)
calls=1 -19 
* 179
+1 2

fn=(420)
26 7
+3 5
cfi=(86)
cfn=(422)
calls=1 -7 
* 1552
* 1
+1 2
+3 3
-1 4
cfi=(86)
cfn=(430)
calls=1 -24 
* 210
* 8
cfi=(87)
cfn=(432)
calls=1 -14 
* 29
+2 1
+1 4

fn=(510)
89 168384
+3 126288
+1 45
cfn=(512) expand
calls=15 -77 
* 39316
+1 126288
+1 63144
+1 189432
-1 63144
+1 42096
-1 21048
+2 84192

fn=(512)
16 60
+1 45
+1 90
cfi=(87)
cfn=(514)
calls=15 +29 
* 39031
+1 60
+6 30

fn=(508)
50 8741592
+2 2913864
+1 2913864

fl=(51)
fn=(252)
0 11
cob=(3)
cfi=(54)
cfn=(266)
calls=1 96 
0 30885540772
cob=(1)
cfi=(52)
cfn=(260)
calls=1 30 
0 1674
0 5

fn=(276) 0x0000000000400ebc
0 6

fn=(630) 0x0000000000400ee0
0 8

fn=(624) 0x0000000000400f50
0 14
cfn=(630)
calls=1 0 
0 8
0 5

fn=(272)
0 15
cob=(2)
cfi=(12)
cfn=(274) 0x0000000000400ca0
calls=1 0 
0 39
0 10

fn=(282) 0x0000000000400fc0
0 15

fn=(292) 0x00000000004060b0
0 12

ob=(2)
fl=(12)
fn=(230)
0 2
cob=(5)
cfi=(50)
cfn=(232)
calls=1 0 
0 6
0 1
cob=(5)
cfi=(50)
cfn=(238)
calls=1 0 
0 6
0 1
cob=(5)
cfi=(50)
cfn=(244)
calls=1 0 
0 11
0 2

fn=(668)
0 2
cob=(5)
cfi=(50)
cfn=(670)
calls=1 0 
0 1496
0 2

fn=(274)
0 2
cob=(6)
cfi=(51)
cfn=(276)
calls=1 0 
0 6
0 1
cob=(6)
cfi=(51)
cfn=(282)
calls=1 0 
0 15
0 1
cob=(6)
cfi=(51)
cfn=(292)
calls=1 0 
0 12
0 2

fn=(638)
0 2
cob=(4)
cfi=(41)
cfn=(640)
calls=1 0 
0 1233
0 2

fn=(184)
0 2
cob=(4)
cfi=(41)
cfn=(186)
calls=1 0 
0 6
0 1
cob=(4)
cfi=(41)
cfn=(192)
calls=1 0 
0 16
0 1
cob=(4)
cfi=(41)
cfn=(202)
calls=1 0 
0 12
0 2

fn=(622)
0 2
cob=(6)
cfi=(51)
cfn=(624)
calls=1 0 
0 27
0 2

totals: 30885698088
